2000.4	1.54120316	1.32047881e-009
2006.5	1.54098106	1.51737636e-009
2012.8	1.54075609	1.74513723e-009
2019	1.54052814	2.00932466e-009
2025.4	1.54029712	2.31670036e-009
2031.7	1.54006299	2.6755245e-009
2038.1	1.53982561	3.09611521e-009
2044.5	1.53958495	3.59117189e-009
2051	1.53934088	4.17669557e-009
2057.5	1.5390933	4.87277477e-009
2064.1	1.53884214	5.7046422e-009
2070.7	1.53858726	6.70450092e-009
2077.3	1.53832858	7.91295748e-009
2084	1.53806597	9.38200193e-009
2090.7	1.53779932	1.11779143e-008
2097.5	1.5375285	1.33851022e-008
2104.3	1.53725338	1.61119173e-008
2111.1	1.53697383	1.94962038e-008
2118	1.53668971	2.37147655e-008
2125	1.53640086	2.8993285e-008
2132	1.53610714	3.56189771e-008
2139	1.53580837	4.39591793e-008
2146.1	1.53550439	5.44796311e-008
2153.2	1.53519502	6.77731878e-008
2160.4	1.53488005	8.4591817e-008
2167.6	1.53455931	1.05884212e-007
2174.9	1.53423256	1.32852806e-007
2182.2	1.53389962	1.67003237e-007
2189.6	1.53356021	2.10237613e-007
2197	1.53321408	2.64934398e-007
2204.5	1.53286101	3.34061818e-007
2212	1.5325007	4.21326066e-007
2219.6	1.53213282	5.31339441e-007
2227.2	1.53175711	6.69797358e-007
2234.9	1.53137319	8.43776951e-007
2242.6	1.53098074	1.06195865e-006
2250.4	1.53057937	1.33503939e-006
2258.2	1.53016864	1.67616487e-006
2266.1	1.52974817	2.10131586e-006
2274.1	1.52931743	2.63010427e-006
2282.1	1.528876	3.28620519e-006
2290.2	1.5284233	4.09849669e-006
2298.3	1.52795872	5.10195064e-006
2306.5	1.52748171	6.33856158e-006
2314.7	1.52699154	7.85930569e-006
2323	1.52648756	9.72510066e-006
2331.3	1.52596893	1.20095942e-005
2339.8	1.52543478	1.4801331e-005
2348.2	1.52488426	1.82060485e-005
2356.8	1.52431629	2.23518996e-005
2365.4	1.52372985	2.73919054e-005
2374	1.52312372	3.35115231e-005
2382.8	1.52249653	4.09355688e-005
2391.6	1.52184693	4.99346443e-005
2400.4	1.52117328	6.08405568e-005
2409.3	1.5204738	7.40590423e-005
2418.3	1.51974665	9.00858276e-005
2427.4	1.51898958	0.000109536668
2436.5	1.51820032	0.000133168831
2445.7	1.51737622	0.000161926502
2455	1.51651431	0.000196987442
2464.3	1.51561148	0.000239810888
2473.7	1.51466407	0.000292230138
2483.2	1.51366835	0.000356510324
2492.7	1.51261999	0.00043548176
2502.4	1.51151439	0.000532646072
2512.1	1.51034677	0.000652300717
2521.8	1.50911183	0.000799738074
2531.7	1.50780443	0.000981350162
2541.6	1.50641906	0.00120488976
2551.6	1.50495045	0.00147960665
2561.7	1.50339381	0.0018164151
2571.9	1.50174487	0.00222810761
2582.1	1.50000027	0.00272950098
2592.5	1.49815844	0.00333738811
2602.9	1.49621939	0.00407075333
2613.4	1.49418599	0.00495046161
2623.9	1.49206404	0.00599921936
2634.6	1.48986297	0.00724127072
2645.4	1.48759704	0.00870153383
2656.2	1.48528502	0.0104054359
2667.1	1.48295164	0.0123774168
2678.2	1.48062712	0.0146404027
2689.3	1.47834765	0.0172144639
2700.5	1.47615575	0.0201147936
2711.8	1.47409896	0.0233513448
2723.2	1.47222994	0.0269260887
2734.7	1.47060463	0.030832736
2746.2	1.46928094	0.035055142
2757.9	1.46831711	0.0395655279
2769.7	1.46776889	0.0443256189
2781.6	1.46768753	0.0492846027
2793.6	1.4681169	0.0543816636
2805.7	1.46909127	0.0595465331
2817.9	1.47063269	0.0647000672
2830.2	1.47274966	0.0697589994
2842.6	1.4754351	0.0746363837
2855.1	1.47866675	0.0792471094
2867.8	1.48240686	0.0835097732
2880.5	1.4866025	0.0873494915
2893.4	1.49118912	0.0907026432
2906.3	1.49609038	0.093517037
2919.4	1.50122322	0.0957555824
2932.6	1.50650022	0.0973965594
2946	1.5118313	0.0984337229
2959.4	1.51712993	0.0988768295
2973	1.52231267	0.0987499588
2986.7	1.52730456	0.0980903741
3000.5	1.5320402	0.0969462312
3014.5	1.53646419	0.0953746946
3028.6	1.54053456	0.0934388293
3042.8	1.54422092	0.0912058004
3057.1	1.54750639	0.0887435017
3071.6	1.55038608	0.0861185253
3086.3	1.55286569	0.0833946643
3101	1.55496159	0.0806297345
3115.9	1.5566978	0.077875665
3131	1.55810532	0.0751760946
3146.2	1.55921979	0.072566397
3161.5	1.56007952	0.0700737056
3177	1.56072418	0.067716121
3192.7	1.56119274	0.0655042624
3208.5	1.56152242	0.0634409999
3224.4	1.56174731	0.0615229299
3240.6	1.56189757	0.0597416218
3256.9	1.56199885	0.0580841311
3273.3	1.56207192	0.0565350066
3289.9	1.56213264	0.0550766167
3306.7	1.56219209	0.0536906482
3323.7	1.56225688	0.0523591587
3340.8	1.56232964	0.0510647913
3358.1	1.56240956	0.0497920114
3375.6	1.56249302	0.048527008
3393.3	1.56257421	0.0472582473
3411.1	1.5626457	0.0459767799
3429.2	1.56269906	0.0446757893
3447.4	1.56272534	0.0433508792
3465.8	1.56271551	0.0420000382
3484.5	1.56266084	0.0406228615
3503.3	1.56255318	0.0392210814
3522.4	1.56238518	0.0377975557
3541.6	1.56215044	0.0363564335
3561.1	1.56184365	0.034902984
3580.7	1.56146053	0.0334428538
3600.6	1.56099804	0.0319825656
3620.7	1.56045409	0.0305285036
3641.1	1.55982767	0.0290872318
3661.7	1.55911883	0.0276655211
3682.5	1.55832832	0.026269484
3703.5	1.5574579	0.0249053828
3724.8	1.55650988	0.0235787749
3746.3	1.55548712	0.0222947772
3768.1	1.55439319	0.0210582147
3790.1	1.55323189	0.0198731672
3812.4	1.55200731	0.0187431556
3835	1.55072398	0.0176713388
3857.8	1.54938629	0.016660053
3880.9	1.54799902	0.0157113266
3904.3	1.54656675	0.0148265201
3928	1.5450939	0.0140064265
3951.9	1.54358517	0.0132516061
3976.2	1.54204469	0.0125619387
4000.7	1.54047677	0.0119371001
4025.5	1.53888521	0.0113762687
4050.7	1.53727353	0.0108783308
4076.2	1.53564537	0.0104420049
4102	1.53400359	0.0100656332
4128.1	1.5323512	0.00974748028
4154.6	1.53069058	0.00948557717
4181.4	1.52902385	0.00927785705
4208.5	1.52735311	0.00912220034
4236	1.52567989	0.00901639743
4263.9	1.52400538	0.0089582243
4292.1	1.5223309	0.00894547203
4320.8	1.52065705	0.00897594508
4349.8	1.51898461	0.0090474918
4379.1	1.51731384	0.00915802614
4408.9	1.51564479	0.00930554905
4439.1	1.51397766	0.00948811477
4469.7	1.51231203	0.00970392089
4500.8	1.51064777	0.00995120881
4532.3	1.50898428	0.0102283723
4564.2	1.50732088	0.0105339095
4596.5	1.50565704	0.0108663767
4629.4	1.50399175	0.0112245149
4662.7	1.50232436	0.0116070687
4696.5	1.50065378	0.0120129629
4730.8	1.49897888	0.0124412171
4765.5	1.49729882	0.0128908464
4800.8	1.49561224	0.0133610721
4836.7	1.49391819	0.0138510687
4873	1.49221532	0.0143601735
4910	1.4905023	0.0148877777
4947.4	1.48877802	0.0154332376
4985.5	1.48704094	0.0159960875
5024.1	1.4852899	0.0165757656
5063.4	1.48352334	0.0171718551
5103.3	1.48173968	0.0177839699
5143.8	1.47993759	0.0184116332
5184.9	1.47811529	0.0190545366
5226.7	1.4762713	0.0197122387
5269.2	1.47440379	0.0203844162
5312.4	1.47251082	0.0210707631
5356.3	1.47059067	0.0217708496
5400.9	1.46864111	0.0224844105
5446.3	1.4666602	0.0232110128
5492.5	1.46464556	0.0239503397
5539.4	1.46259463	0.0247020761
5587.2	1.46050508	0.025465757
5635.8	1.45837386	0.0262411094
5685.2	1.45619831	0.027027633
5735.5	1.45397508	0.0278249865
5786.7	1.45170059	0.0286328174
5838.9	1.44937146	0.0294505969
5891.9	1.44698338	0.0302780135
5946	1.44453235	0.0311145204
6001.1	1.44201357	0.0319597331
6057.1	1.43942173	0.0328132765
6114.3	1.43675172	0.0336745799
6172.5	1.43399714	0.0345433301
6231.9	1.43115179	0.0354189731
6292.4	1.42820833	0.0363011389
6354.1	1.42515869	0.0371894735
6417	1.42199462	0.038083477
6481.1	1.41870622	0.0389828852
6546.6	1.41528337	0.0398872652
6613.4	1.41171421	0.0407963813
6681.6	1.40798553	0.0417100595
6751.2	1.40408329	0.0426280255
6822.3	1.39999077	0.0435503032
6894.8	1.39568998	0.0444768412
6969	1.39115981	0.045407865
7044.7	1.38637592	0.0463438391
7122.1	1.38131105	0.0472853589
7201.3	1.37593221	0.0482337059
7282.2	1.37020007	0.0491910803
7364.9	1.36406825	0.0501612329
7449.6	1.357478	0.0511515504
7536.2	1.35035791	0.0521757487
7624.9	1.34261789	0.05325993
7715.6	1.33414716	0.0544518446
7808.6	1.32481712	0.05583456
7903.8	1.31448482	0.0575453113
8001.4	1.30301795	0.0597941985
8101.4	1.29032489	0.0628789187
8204	1.27640846	0.0671814201
8309.1	1.26142846	0.0731326942
8417.1	1.24574414	0.0811388422
8527.8	1.22992957	0.0914608441
8641.5	1.21470128	0.104082751
8758.3	1.20076213	0.118610354
8878.3	1.18857533	0.134266868
9001.6	1.17813089	0.150048826
9128.4	1.16883097	0.165002554
9258.8	1.1595456	0.178564472
9393	1.14885675	0.190820241
9531.1	1.1354102	0.202606496
9673.3	1.11826722	0.215441824
9819.9	1.09719986	0.231297855
9971	1.07286398	0.252280678
10127	1.04685025	0.280240043
10288	1.02157555	0.316332981
10453	0.999930935	0.360640655
10625	0.98471089	0.41194075
10802	0.977921063	0.46790547
10985	0.980327506	0.525678969
11174	0.991459674	0.582580061
11370	1.00999481	0.636615052
11573	1.03423506	0.686615363
11784	1.06246586	0.732147605
12002	1.09318425	0.773373263
12229	1.12520058	0.810865459
12464	1.15771855	0.84548984
12708	1.19037149	0.878265057
12962	1.2232402	0.910222194
13227	1.25686034	0.942269668
13502	1.29215135	0.975020156
13790	1.33031715	1.00866186
14089	1.37266762	1.04285355
14403	1.4204002	1.07669273
14730	1.47441084	1.10879337
15072	1.53510489	1.13741108
15431	1.6023254	1.1606466
15808	1.67533127	1.1766386
16203	1.75283427	1.18374046
16618	1.83313538	1.18066472
17056	1.91420954	1.16657212
17517	1.99388018	1.14111996
18003	2.06993542	1.10446869
18518	2.14023602	1.05726911
19062	2.20285603	1.00059392
19640	2.2561327	0.935891755
20254	2.29876145	0.864875505
20907	2.32981902	0.789436543
21604	2.34877504	0.711560467
22349	2.35549269	0.633194131
23147	2.35018329	0.556193956
24004	2.33335375	0.48221091
24927	2.305725	0.412642545
25925	2.26814798	0.348600902
27005	2.22148387	0.290857544
28179	2.16650623	0.239872734
29460	2.10375425	0.195785859