2.0004	2.15394924	0.0222147256
2.0034	2.15379433	0.0222970985
2.0065	2.1536383	0.0223794267
2.0097	2.15348115	0.022461701
2.0128	2.15332282	0.0225439428
2.0159	2.15316329	0.0226261377
2.019	2.15300258	0.0227082712
2.0222	2.15284063	0.0227903543
2.0254	2.15267741	0.022872388
2.0285	2.15251292	0.0229543579
2.0317	2.15234716	0.0230362496
2.0349	2.15218005	0.0231180892
2.0381	2.1520116	0.0231998573
2.0413	2.15184179	0.0232815449
2.0445	2.15167057	0.0233631625
2.0478	2.15149792	0.023444706
2.051	2.15132384	0.0235261563
2.0542	2.15114825	0.0236075339
2.0575	2.15097117	0.0236888198
2.0608	2.15079254	0.0237700196
2.0641	2.15061238	0.0238511097
2.0673	2.15043059	0.0239321198
2.0707	2.15024719	0.0240130264
2.074	2.15006215	0.0240938206
2.0773	2.1498754	0.0241745222
2.0806	2.14968693	0.0242551174
2.084	2.14949673	0.024335588
2.0873	2.14930472	0.0244159535
2.0907	2.14911089	0.0244962049
2.0941	2.1489152	0.0245763382
2.0975	2.14871764	0.0246563356
2.1009	2.14851813	0.0247362206
2.1043	2.14831665	0.0248159754
2.1077	2.14811318	0.0248955914
2.1111	2.14790765	0.024975083
2.1146	2.14770002	0.0250544416
2.118	2.14749029	0.0251336497
2.1215	2.14727836	0.0252127258
2.125	2.14706422	0.0252916572
2.1285	2.14684781	0.0253704444
2.132	2.14662913	0.0254490705
2.1355	2.14640808	0.0255275536
2.139	2.14618461	0.0256058855
2.1425	2.14595871	0.0256840539
2.1461	2.1457303	0.0257620681
2.1496	2.14549933	0.0258399243
2.1532	2.14526578	0.0259176064
2.1568	2.14502954	0.0259951319
2.1604	2.14479059	0.026072489
2.164	2.1445489	0.0261496657
2.1676	2.14430433	0.0262266839
2.1712	2.14405687	0.0263035277
2.1749	2.14380646	0.0263801938
2.1785	2.14355307	0.0264566709
2.1822	2.14329657	0.0265329763
2.1859	2.14303691	0.026609103
2.1896	2.14277405	0.0266850399
2.1933	2.14250788	0.0267607962
2.197	2.14223835	0.0268363691
2.2007	2.14196541	0.026911744
2.2045	2.14168891	0.0269869422
2.2082	2.14140882	0.0270619493
2.212	2.14112509	0.0271367553
2.2158	2.14083757	0.0272113774
2.2196	2.1405462	0.0272858096
2.2234	2.14025089	0.0273600462
2.2272	2.13995159	0.0274340819
2.231	2.13964812	0.0275079339
2.2349	2.13934044	0.0275815896
2.2387	2.13902847	0.0276550443
2.2426	2.13871203	0.0277283156
2.2465	2.13839106	0.0278013918
2.2504	2.13806549	0.027874269
2.2543	2.13773511	0.0279469654
2.2582	2.13739985	0.028019474
2.2622	2.1370596	0.0280917956
2.2661	2.13671425	0.0281639242
2.2701	2.13636359	0.0282358828
2.2741	2.13600755	0.0283076629
2.2781	2.135646	0.0283792601
2.2821	2.13527875	0.0284506954
2.2861	2.13490564	0.0285219694
2.2902	2.13452659	0.0285930765
2.2942	2.13414134	0.0286640432
2.2983	2.13374975	0.0287348693
2.3024	2.13335172	0.0288055527
2.3065	2.13294695	0.0288761228
2.3106	2.1325353	0.0289465833
2.3147	2.13211658	0.0290169465
2.3188	2.13169063	0.0290872196
2.323	2.13125714	0.0291574351
2.3272	2.13081593	0.0292276077
2.3313	2.13036682	0.0292977484
2.3355	2.12990945	0.0293679001
2.3398	2.12944363	0.0294380828
2.344	2.12896917	0.0295083169
2.3482	2.12848566	0.0295786557
2.3525	2.12799286	0.0296491312
2.3568	2.12749048	0.0297197898
2.3611	2.12697828	0.0297906674
2.3654	2.12645578	0.0298618447
2.3697	2.12592272	0.0299333705
2.374	2.12537881	0.0300053075
2.3784	2.12482352	0.0300777561
2.3828	2.12425653	0.0301507938
2.3872	2.12367753	0.0302245081
2.3916	2.12308591	0.0302990311
2.396	2.12248129	0.0303744782
2.4004	2.12186333	0.0304509717
2.4049	2.12123133	0.0305286902
2.4093	2.1205849	0.030607789
2.4138	2.11992347	0.0306884627
2.4183	2.11924661	0.0307709052
2.4229	2.11855353	0.0308553767
2.4274	2.11784375	0.0309421189
2.4319	2.11711669	0.0310314115
2.4365	2.11637156	0.031123587
2.4411	2.11560777	0.0312189838
2.4457	2.11482469	0.0313179748
2.4503	2.11402141	0.0314210049
2.455	2.11319726	0.0315285278
2.4596	2.1123516	0.0316410357
2.4643	2.11148342	0.0317591121
2.469	2.11059194	0.0318833608
2.4737	2.10967635	0.0320144469
2.4784	2.10873594	0.032153072
2.4832	2.1077695	0.0323000775
2.488	2.1067763	0.0324563007
2.4927	2.10575552	0.0326226608
2.4975	2.10470601	0.0328002106
2.5024	2.10362691	0.0329900335
2.5072	2.10251744	0.0331932887
2.5121	2.10137632	0.0334113204
2.5169	2.10020279	0.0336454735
2.5218	2.09899585	0.0338972477
2.5268	2.0977548	0.034168189
2.5317	2.09647841	0.0344600743
2.5366	2.09516587	0.0347747176
2.5416	2.09381658	0.0351140098
2.5466	2.09242941	0.0354801138
2.5516	2.09100378	0.0358751918
2.5567	2.08953912	0.0363015594
2.5617	2.08803449	0.0367617907
2.5668	2.08648958	0.0372584513
2.5719	2.08490411	0.0377942507
2.577	2.08327738	0.0383722321
2.5821	2.0816094	0.0389953781
2.5873	2.07990009	0.0396668973
2.5925	2.07814972	0.0403900581
2.5976	2.07635819	0.0411684904
2.6029	2.07452619	0.0420057121
2.6081	2.07265448	0.0429054105
2.6134	2.07074349	0.043871678
2.6186	2.06879464	0.0449083492
2.6239	2.06680948	0.0460194039
2.6293	2.0647891	0.047209337
2.6346	2.06273577	0.0484822326
2.64	2.06065183	0.0498423404
2.6454	2.05853942	0.0512943169
2.6508	2.05640165	0.052842457
2.6562	2.05424181	0.0544911511
2.6617	2.05206374	0.0562446353
2.6671	2.04987088	0.0581077473
2.6726	2.047668	0.060084499
2.6782	2.04546014	0.0621788834
2.6837	2.04325197	0.0643955177
2.6893	2.04104953	0.0667379596
2.6949	2.03885913	0.0692096621
2.7005	2.03668667	0.0718148087
2.7061	2.03453956	0.074556083
2.7118	2.0324251	0.0774364545
2.7175	2.03035137	0.0804580168
2.7232	2.02832608	0.0836235994
2.7289	2.0263581	0.0869344398
2.7347	2.02445666	0.0903912059
2.7404	2.02263061	0.0939953156
2.7462	2.02088976	0.0977464404
2.7521	2.01924424	0.101643436
2.7579	2.01770382	0.10568579
2.7638	2.01627901	0.10987111
2.7697	2.01498025	0.114196645
2.7756	2.01381826	0.118658121
2.7816	2.01280325	0.12325252
2.7876	2.01194595	0.127973791
2.7936	2.01125677	0.132815586
2.7996	2.01074575	0.137772143
2.8057	2.01042295	0.142834941
2.8118	2.01029794	0.147994888
2.8179	2.01037988	0.153243877
2.824	2.01067744	0.158570654
2.8302	2.01119876	0.16396467
2.8364	2.0119511	0.169412908
2.8426	2.01294137	0.174904379
2.8489	2.01417537	0.180425199
2.8551	2.01565798	0.185961051
2.8614	2.01739357	0.191498633
2.8678	2.01938511	0.197022631
2.8741	2.0216343	0.20251703
2.8805	2.02414273	0.207967884
2.8869	2.02691004	0.213358843
2.8934	2.02993496	0.218674127
2.8998	2.03321458	0.223897164
2.9063	2.03674624	0.229013672
2.9129	2.04052486	0.234007488
2.9194	2.04454389	0.238862513
2.926	2.04879771	0.243565474
2.9326	2.05327775	0.248101227
2.9393	2.05797427	0.25245529
2.946	2.06287838	0.256615484
2.9527	2.06797888	0.260569016
2.9594	2.07326387	0.26430403
2.9662	2.07871996	0.267809149
2.973	2.08433545	0.2710754
2.9798	2.09009562	0.274093221
2.9867	2.09598516	0.276854192
2.9936	2.10199094	0.279352142
3.0005	2.10809661	0.281580605
3.0075	2.11428579	0.283534471
3.0145	2.12054435	0.28521044
3.0215	2.12685521	0.286605415
3.0286	2.13320262	0.287717787
3.0357	2.13956946	0.2885468
3.0428	2.14594151	0.289093119
3.0499	2.15230225	0.289358085
3.0571	2.15863525	0.289344173
3.0644	2.16492716	0.289054796
3.0716	2.17116186	0.288494325
3.0789	2.17732443	0.287668129
3.0863	2.18340253	0.286582094
3.0936	2.18938205	0.285243195
3.101	2.19524984	0.283659188
3.1085	2.20099336	0.281838588
3.1159	2.20660228	0.27979005
3.1234	2.21206525	0.277523335
3.131	2.21737146	0.27504895
3.1386	2.22251274	0.272376998
3.1462	2.22748005	0.269518753
3.1538	2.23226495	0.266486084
3.1615	2.23686164	0.26329001
3.1693	2.24126337	0.259942878
3.177	2.24546462	0.256457033
3.1848	2.24946052	0.252845164
3.1927	2.25324826	0.24911886
3.2006	2.25682443	0.245291011
3.2085	2.26018632	0.241374722
3.2164	2.26333344	0.237381395
3.2244	2.26626476	0.233323764
3.2325	2.26898004	0.229214521
3.2406	2.27148087	0.225064456
3.2487	2.27376832	0.220885913
3.2569	2.2758446	0.216690251
3.2651	2.27771229	0.212489103
3.2733	2.27937529	0.208292146
3.2816	2.2808374	0.204110071
3.2899	2.28210293	0.199953523
3.2983	2.28317725	0.195830848
3.3067	2.28406571	0.191751393
3.3152	2.28477411	0.187724359
3.3237	2.28530894	0.183756579
3.3322	2.28567674	0.179856037
3.3408	2.28588444	0.176029796
3.3494	2.28593927	0.172284518
3.3581	2.28584868	0.168624978
3.3668	2.28562025	0.165057086
3.3756	2.2852618	0.161585812
3.3844	2.28478112	0.158214648
3.3933	2.28418615	0.154947329
3.4022	2.28348496	0.151787432
3.4111	2.28268535	0.148736741
3.4201	2.28179525	0.145797376
3.4292	2.28082266	0.142971284
3.4383	2.2797751	0.140258809
3.4474	2.27866021	0.137660579
3.4566	2.27748551	0.135176849
3.4658	2.27625836	0.132807394
3.4751	2.27498547	0.130550798
3.4845	2.2736738	0.128406169
3.4939	2.27233007	0.126372184
3.5033	2.27096028	0.124446509
3.5128	2.26957046	0.122627028
3.5224	2.26816655	0.120911523
3.532	2.26675357	0.119296808
3.5416	2.26533678	0.117780107
3.5513	2.26392104	0.116358327
3.5611	2.26251046	0.115027808
3.5709	2.26110927	0.113785145
3.5807	2.25972121	0.112626689
3.5907	2.25834994	0.111548846
3.6006	2.25699818	0.110547482
3.6107	2.25566883	0.109618803
3.6207	2.25436457	0.108759022
3.6309	2.2530872	0.107963972
3.6411	2.25183876	0.107229832
3.6513	2.25062102	0.106552802
3.6617	2.2494349	0.105928816
3.672	2.2482816	0.105354162
3.6825	2.24716191	0.104825114
3.693	2.24607655	0.104338105
3.7035	2.2450255	0.103889429
3.7141	2.24400906	0.103475746
3.7248	2.24302723	0.103093763
3.7355	2.2420795	0.102740191
3.7463	2.2411656	0.102412025
3.7572	2.24028495	0.102106351
3.7681	2.23943669	0.101820329
3.7791	2.23862	0.101551333
3.7901	2.23783405	0.101296915
3.8013	2.23707753	0.101054644
3.8124	2.2363494	0.100822358
3.8237	2.23564839	0.100597993
3.835	2.23497327	0.100379662
3.8464	2.23432251	0.100165539
3.8578	2.23369483	0.0999540363
3.8693	2.23308879	0.0997436727
3.8809	2.23250279	0.0995330376
3.8926	2.23193544	0.0993209436
3.9043	2.23138528	0.0991063082
3.9161	2.23085066	0.0988880916
3.928	2.23033017	0.0986654637
3.9399	2.22982231	0.0984376785
3.9519	2.22932566	0.0982041127
3.964	2.22883864	0.0979641764
3.9762	2.22835987	0.0977174365
3.9884	2.22788802	0.0974635854
4.0007	2.22742159	0.0972022893
4.0131	2.22695928	0.0969333839
4.0255	2.22649988	0.0966568098
4.0381	2.22604197	0.0963724405
4.0507	2.22558442	0.0960803547
4.0634	2.22512611	0.095780679
4.0762	2.22466578	0.0954734766
4.089	2.2242024	0.0951589928
4.102	2.22373492	0.0948374659
4.115	2.22326242	0.0945092378
4.1281	2.22278383	0.0941745626
4.1413	2.22229829	0.0938338392
4.1546	2.22180503	0.093487521
4.1679	2.22130311	0.093135948
4.1814	2.22079185	0.092779629
4.1949	2.22027056	0.0924190759
4.2085	2.21973847	0.0920547052
4.2222	2.21919502	0.091687075
4.236	2.21863968	0.0913167577
4.2499	2.21807176	0.0909441896
4.2639	2.21749087	0.0905699833
4.278	2.21689653	0.0901946842
4.2921	2.21628839	0.0898188824
4.3064	2.21566592	0.0894430558
4.3208	2.21502886	0.0890678061
4.3352	2.21437695	0.0886937207
4.3498	2.21370979	0.0883212715
4.3644	2.21302719	0.0879510355
4.3791	2.21232901	0.0875835897
4.394	2.2116149	0.0872193658
4.4089	2.2108848	0.0868589302
4.424	2.21013857	0.0865027783
4.4391	2.20937618	0.0861514368
4.4544	2.20859734	0.0858052821
4.4697	2.20780209	0.0854648196
4.4852	2.20699049	0.0851305245
4.5008	2.20616228	0.0848027278
4.5165	2.20531754	0.0844818686
4.5323	2.20445636	0.0841683619
4.5482	2.20357855	0.0838624936
4.5642	2.20268421	0.0835646301
4.5803	2.20177334	0.0832750844
4.5965	2.20084609	0.0829941869
4.6129	2.19990223	0.0827221244
4.6294	2.1989419	0.0824591826
4.646	2.19796523	0.0822056117
4.6627	2.19697202	0.0819615492
4.6795	2.19596233	0.0817271881
4.6965	2.19493633	0.0815027146
4.7136	2.19389369	0.0812881879
4.7308	2.19283453	0.0810837426
4.7481	2.19175879	0.0808894578
4.7655	2.19066652	0.080705405
4.7831	2.18955734	0.0805315723
4.8008	2.18843125	0.0803679887
4.8187	2.18728823	0.0802146629
4.8367	2.18612779	0.0800715196
4.8548	2.18494983	0.0799385243
4.873	2.18375422	0.0798156173
4.8914	2.18254034	0.0797026765
4.91	2.18130795	0.0795996049
4.9286	2.18005664	0.0795062777
4.9474	2.178786	0.0794225592
4.9664	2.17749523	0.079348277
4.9855	2.17618378	0.0792832731
5.0047	2.17485112	0.07922738
5.0241	2.17349611	0.079180402
5.0437	2.17211795	0.0791421622
5.0634	2.17071585	0.0791124829
5.0832	2.16928823	0.0790911812
5.1033	2.16783405	0.0790781025
5.1234	2.1663518	0.079073109
5.1438	2.1648401	0.0790760973
5.1643	2.16329678	0.0790870131
5.1849	2.16171999	0.079105867
5.2057	2.16010772	0.0791327528
5.2267	2.15845706	0.0791678894
5.2479	2.15676547	0.0792116334
5.2692	2.15503013	0.0792645253
5.2907	2.15324718	0.0793273655
5.3124	2.15141315	0.0794012314
5.3343	2.14952418	0.0794875639
5.3563	2.14757532	0.0795882876
5.3785	2.14556203	0.0797058391
5.4009	2.14347912	0.0798433204
5.4235	2.14132136	0.0800045871
5.4463	2.13908241	0.080194465
5.4693	2.13675658	0.0804187678
5.4925	2.13433812	0.0806844941
5.5159	2.13182039	0.0810000946
5.5394	2.12919785	0.0813754292
5.5632	2.12646555	0.0818219529
5.5872	2.12361819	0.0823530472
5.6114	2.12065253	0.0829837734
5.6358	2.11756643	0.0837311121
5.6604	2.11436011	0.0846137572
5.6852	2.11103479	0.0856525063
5.7103	2.10759565	0.0868694353
5.7355	2.1040514	0.0882877381
5.761	2.10041302	0.0899321169
5.7867	2.09669721	0.0918270358
5.8127	2.09292541	0.093996497
5.8389	2.08912269	0.0964641809
5.8653	2.08532059	0.0992510083
5.8919	2.08155572	0.102374857
5.9188	2.07787006	0.105849027
5.946	2.07430904	0.109682598
5.9734	2.07092349	0.113876801
6.0011	2.06776734	0.118424774
6.029	2.06489515	0.123312764
6.0571	2.06236325	0.128515334
6.0856	2.06022632	0.133996764
6.1143	2.05853485	0.139713094
6.1433	2.05733476	0.145607744
6.1725	2.05666401	0.151615006
6.202	2.05655067	0.157659816
6.2319	2.05701103	0.163662244
6.262	2.05804786	0.169534811
6.2924	2.05964856	0.175187158
6.3231	2.06178518	0.180531267
6.3541	2.06441244	0.185479578
6.3854	2.06746804	0.189951003
6.417	2.07087443	0.193875645
6.4489	2.07453729	0.197195033
6.4811	2.07834895	0.199868606
6.5137	2.08218974	0.201876793
6.5466	2.08593384	0.203226437
6.5798	2.08945176	0.203953467
6.6134	2.09261922	0.204127595
6.6473	2.09532863	0.203854054
6.6816	2.09749847	0.2032725
6.7162	2.09908909	0.202551798
6.7512	2.10011685	0.201878067
6.7865	2.10066409	0.201436794
6.8223	2.10088507	0.201387153
6.8583	2.1010004	0.201832304
6.8948	2.10127858	0.202789768
6.9317	2.10200312	0.204167576
6.969	2.10342765	0.205754417
7.0066	2.1057266	0.207230397
7.0447	2.10894864	0.208198508
7.0832	2.11298623	0.208237741
7.1221	2.11757208	0.206966648
7.1615	2.12229782	0.204105891
7.2013	2.12666245	0.199528239
7.2415	2.13013765	0.193280797
7.2822	2.13223108	0.1855863
7.3233	2.1325479	0.176812546
7.3649	2.13083187	0.167426043
7.407	2.12698273	0.157930521
7.4496	2.1210528	0.14881728
7.4926	2.11322305	0.140514412
7.5362	2.1037623	0.133352822
7.5803	2.09298956	0.127557803
7.6249	2.08123251	0.123249249
7.67	2.06878817	0.120456483
7.7156	2.05591287	0.119146879
7.7618	2.04280612	0.119249968
7.8086	2.02961766	0.120682417
7.8559	2.01644825	0.123367738
7.9038	2.00337684	0.127246275
7.9523	1.99046851	0.132279536
8.0014	1.9777838	0.138450961
8.0511	1.96539878	0.145756122
8.1014	1.95340774	0.154194498
8.1524	1.94191933	0.163764931
8.204	1.93106733	0.174447697
8.2562	1.92100004	0.186199354
8.3091	1.91187077	0.198950005
8.3628	1.90383649	0.212589412
8.4171	1.89704209	0.226970606
8.4721	1.89161115	0.24190755
8.5278	1.88763243	0.257186914
8.5843	1.88515439	0.272563947
8.6415	1.88417453	0.287779562
8.6995	1.88463585	0.302577706
8.7583	1.88642675	0.316707398
8.8179	1.88938297	0.329942528
8.8783	1.89329598	0.342098203
8.9395	1.89792024	0.353030723
9.0016	1.90298568	0.362650839
9.0645	1.90820947	0.370925511
9.1284	1.91331097	0.377881928
9.1931	1.91802012	0.383599781
9.2588	1.92208999	0.388209836
9.3254	1.92530784	0.391889014
9.393	1.92749896	0.394848471
9.4615	1.92853445	0.397326979
9.5311	1.92833448	0.399581982
9.6017	1.92686901	0.401877997
9.6733	1.92415832	0.404478499
9.7461	1.92027143	0.407636086
9.8199	1.9153208	0.411585751
9.8949	1.90946063	0.416535112
9.971	1.90288036	0.42265842
10.048	1.89579481	0.430094268
10.127	1.88844235	0.438936298
10.207	1.88107439	0.449231878
10.288	1.87394405	0.460985118
10.37	1.86730328	0.474148514
10.453	1.8613902	0.48862921
10.538	1.85642214	0.504287903
10.625	1.85258461	0.5209518
10.713	1.85002761	0.53840827
10.802	1.8488565	0.556417749
10.893	1.84912703	0.574729976
10.985	1.85084301	0.593080199
11.079	1.85395374	0.611206913
11.174	1.85835706	0.628869186
11.272	1.86390025	0.645843837
11.37	1.87038571	0.661941785
11.471	1.87758159	0.677022975
11.573	1.88522535	0.690990514
11.678	1.89303668	0.703803803
11.784	1.90072647	0.715478457
11.892	1.90801154	0.726093079
12.002	1.91461946	0.735779398
12.114	1.92030233	0.744724557
12.229	1.92484868	0.753169867
12.345	1.92808785	0.761397676
12.464	1.92990107	0.769727599
12.585	1.93022832	0.778510981
12.708	1.92907237	0.788114565
12.834	1.92650391	0.798913959
12.962	1.92266414	0.811278973
13.093	1.91776299	0.825567774
13.227	1.91208021	0.842104873
13.363	1.90596039	0.861170711
13.502	1.89980269	0.882999454
13.645	1.89405657	0.907750265
13.79	1.88920582	0.93550653
13.938	1.8857527	0.966278227
14.089	1.88420463	0.999979731
14.244	1.88505467	1.0364441
14.403	1.88876516	1.0754187
14.564	1.89575631	1.11659727
14.73	1.90639281	1.15959909
14.899	1.92097747	1.20399916
15.072	1.9397563	1.24935678
15.25	1.96290892	1.29519388
15.431	1.99055518	1.34102038
15.617	2.02277266	1.38635759
15.808	2.05958041	1.43070702
16.003	2.10094707	1.4735663
16.203	2.14681327	1.51444882
16.408	2.19705581	1.55284757
16.618	2.25150434	1.58825837
16.834	2.30992276	1.62017318
17.056	2.37203458	1.64810207
17.283	2.43746734	1.67155538
17.517	2.50576998	1.69007215
17.757	2.57643706	1.70323988
18.003	2.64885532	1.71069846
18.257	2.72233549	1.71217126
18.518	2.79615334	1.70748274
18.786	2.86951005	1.69657592
19.062	2.94159415	1.67952878
19.347	3.0115919	1.65656563
19.64	3.07875672	1.62804471
19.942	3.14238287	1.59447003
20.254	3.2018676	1.5564686
20.575	3.25675473	1.51475191
20.907	3.3067089	1.47011802
21.25	3.35155315	1.42341066
21.604	3.39129215	1.37547015
21.97	3.42608291	1.32714179
22.349	3.45626555	1.27922246
22.741	3.48236449	1.23243702
23.147	3.50511508	1.1873612
23.568	3.52544952	1.14437249
24.004	3.54447562	1.10349981
24.457	3.56335268	1.06423992
24.927	3.58297557	1.02546463
25.416	3.60351303	0.985508874
25.925	3.62401064	0.942685371
26.454	3.64247923	0.89616702
27.005	3.65672164	0.846546907
27.579	3.6653458	0.795596572
28.179	3.66820759	0.745368822
28.805	3.66611257	0.697470861
29.46	3.66025381	0.652784509
30.145	3.65178027	0.61157121
30.863	3.64161578	0.573740721
31.615	3.63043382	0.539027549
32.406	3.61869534	0.507098754
33.237	3.60671323	0.47764034
34.111	3.59469623	0.450368323
35.033	3.5827784	0.425024963
36.006	3.57105268	0.401399216
37.035	3.5595801	0.379307657
38.124	3.54840303	0.358595843
39.28	3.53754599	0.339123199