2000.4	3.45513945	1.09947485e-006
2006.5	3.45490663	1.10979362e-006
2012.8	3.45467456	1.12024024e-006
2019	3.45444322	1.13081809e-006
2025.4	3.45421261	1.14152926e-006
2031.7	3.45398275	1.15237455e-006
2038.1	3.45375361	1.1633578e-006
2044.5	3.45352522	1.17447952e-006
2051	3.45329755	1.18574294e-006
2057.5	3.45307061	1.19715067e-006
2064.1	3.45284441	1.20870363e-006
2070.7	3.45261892	1.22040588e-006
2077.3	3.45239418	1.23225805e-006
2084	3.45217017	1.24426359e-006
2090.7	3.45194687	1.25642528e-006
2097.5	3.45172431	1.26874456e-006
2104.3	3.45150246	1.28122536e-006
2111.1	3.45128135	1.2938688e-006
2118	3.45106096	1.30667857e-006
2125	3.45084129	1.31965767e-006
2132	3.45062234	1.33280769e-006
2139	3.45040411	1.34613282e-006
2146.1	3.45018661	1.35963474e-006
2153.2	3.44996982	1.37331699e-006
2160.4	3.44975375	1.3871832e-006
2167.6	3.4495384	1.40123514e-006
2174.9	3.44932375	1.41547768e-006
2182.2	3.44910983	1.42991153e-006
2189.6	3.44889663	1.44454206e-006
2197	3.44868412	1.45937238e-006
2204.5	3.44847234	1.47440489e-006
2212	3.44826127	1.48964357e-006
2219.6	3.4480509	1.5050929e-006
2227.2	3.44784125	1.52075463e-006
2234.9	3.4476323	1.53663454e-006
2242.6	3.44742406	1.55273448e-006
2250.4	3.44721654	1.56905875e-006
2258.2	3.4470097	1.58561299e-006
2266.1	3.44680358	1.60239878e-006
2274.1	3.44659815	1.61942272e-006
2282.1	3.44639343	1.63668608e-006
2290.2	3.44618942	1.65419479e-006
2298.3	3.44598609	1.67195445e-006
2306.5	3.44578347	1.68996693e-006
2314.7	3.44558153	1.70823927e-006
2323	3.44538031	1.72677345e-006
2331.3	3.44517978	1.74557584e-006
2339.8	3.44497993	1.76465248e-006
2348.2	3.44478078	1.78400554e-006
2356.8	3.44458232	1.80364302e-006
2365.4	3.44438456	1.82356722e-006
2374	3.44418748	1.84378454e-006
2382.8	3.44399108	1.86430244e-006
2391.6	3.44379539	1.88512296e-006
2400.4	3.44360037	1.90625376e-006
2409.3	3.44340603	1.92770169e-006
2418.3	3.44321239	1.94946998e-006
2427.4	3.44301941	1.97156758e-006
2436.5	3.44282712	1.99399789e-006
2445.7	3.44263552	2.0167682e-006
2455	3.44244458	2.03988694e-006
2464.3	3.44225433	2.06335727e-006
2473.7	3.44206474	2.08718984e-006
2483.2	3.44187584	2.11138753e-006
2492.7	3.4416876	2.13595978e-006
2502.4	3.44150003	2.1609147e-006
2512.1	3.44131314	2.18625698e-006
2521.8	3.44112691	2.21199757e-006
2531.7	3.44094136	2.23814037e-006
2541.6	3.44075646	2.26469613e-006
2551.6	3.44057223	2.29167319e-006
2561.7	3.44038866	2.31907792e-006
2571.9	3.44020576	2.34691948e-006
2582.1	3.4400235	2.37520883e-006
2592.5	3.43984192	2.40395171e-006
2602.9	3.43966098	2.43315997e-006
2613.4	3.4394807	2.46284077e-006
2623.9	3.43930107	2.49300414e-006
2634.6	3.43912209	2.52366258e-006
2645.4	3.43894377	2.55482262e-006
2656.2	3.43876608	2.58649773e-006
2667.1	3.43858905	2.61869536e-006
2678.2	3.43841266	2.6514277e-006
2689.3	3.43823691	2.6847084e-006
2700.5	3.43806181	2.71854488e-006
2711.8	3.43788733	2.75295243e-006
2723.2	3.43771351	2.78793946e-006
2734.7	3.43754031	2.82351999e-006
2746.2	3.43736774	2.85970894e-006
2757.9	3.43719582	2.8965154e-006
2769.7	3.43702451	2.93395668e-006
2781.6	3.43685383	2.97204171e-006
2793.6	3.43668379	3.01078653e-006
2805.7	3.43651435	3.05020879e-006
2817.9	3.43634555	3.0903182e-006
2830.2	3.43617735	3.13113434e-006
2842.6	3.43600979	3.17266743e-006
2855.1	3.43584283	3.2149371e-006
2867.8	3.43567648	3.25796144e-006
2880.5	3.43551075	3.30175156e-006
2893.4	3.43534561	3.34633162e-006
2906.3	3.43518109	3.39171268e-006
2919.4	3.43501717	3.43791565e-006
2932.6	3.43485384	3.48496333e-006
2946	3.43469112	3.53286707e-006
2959.4	3.43452898	3.58165476e-006
2973	3.43436745	3.63133918e-006
2986.7	3.4342065	3.68194418e-006
3000.5	3.43404613	3.73349565e-006
3014.5	3.43388635	3.78600831e-006
3028.6	3.43372715	3.83951124e-006
3042.8	3.43356853	3.89402076e-006
3057.1	3.43341049	3.94956482e-006
3071.6	3.43325301	4.00617209e-006
3086.3	3.43309611	4.06385957e-006
3101	3.43293976	4.1226617e-006
3115.9	3.43278399	4.18259729e-006
3131	3.43262877	4.24369819e-006
3146.2	3.4324741	4.30599547e-006
3161.5	3.43231999	4.36951203e-006
3177	3.43216642	4.43428515e-006
3192.7	3.43201341	4.50033818e-006
3208.5	3.43186093	4.56770749e-006
3224.4	3.43170899	4.63642867e-006
3240.6	3.43155759	4.70652883e-006
3256.9	3.4314067	4.77805113e-006
3273.3	3.43125636	4.85102164e-006
3289.9	3.43110653	4.92548361e-006
3306.7	3.43095721	5.00147879e-006
3323.7	3.43080842	5.07903745e-006
3340.8	3.43066012	5.15820948e-006
3358.1	3.43051234	5.23902788e-006
3375.6	3.43036505	5.32154111e-006
3393.3	3.43021825	5.40579708e-006
3411.1	3.43007196	5.49183171e-006
3429.2	3.42992614	5.57970081e-006
3447.4	3.42978079	5.66945593e-006
3465.8	3.42963593	5.76113634e-006
3484.5	3.42949153	5.85480777e-006
3503.3	3.4293476	5.95050998e-006
3522.4	3.42920413	6.04830771e-006
3541.6	3.4290611	6.14826144e-006
3561.1	3.42891852	6.25042094e-006
3580.7	3.42877638	6.35486005e-006
3600.6	3.42863468	6.46162529e-006
3620.7	3.42849341	6.57079397e-006
3641.1	3.42835254	6.68243924e-006
3661.7	3.4282121	6.79661452e-006
3682.5	3.42807206	6.91341187e-006
3703.5	3.42793243	7.03288831e-006
3724.8	3.42779318	7.15512919e-006
3746.3	3.42765432	7.28022236e-006
3768.1	3.42751584	7.4082375e-006
3790.1	3.42737773	7.539267e-006
3812.4	3.42723997	7.67340834e-006
3835	3.42710257	7.81073804e-006
3857.8	3.4269655	7.95136835e-006
3880.9	3.42682878	8.09538325e-006
3904.3	3.42669239	8.24288869e-006
3928	3.4265563	8.39400881e-006
3951.9	3.42642052	8.54882855e-006
3976.2	3.42628503	8.70748372e-006
4000.7	3.42614984	8.87007292e-006
4025.5	3.42601492	9.03673154e-006
4050.7	3.42588026	9.2075993e-006
4076.2	3.42574586	9.38278254e-006
4102	3.42561169	9.56244501e-006
4128.1	3.42547776	9.74670614e-006
4154.6	3.42534404	9.93572783e-006
4181.4	3.42521052	1.01296744e-005
4208.5	3.4250772	1.0328684e-005
4236	3.42494405	1.05329333e-005
4263.9	3.42481106	1.0742614e-005
4292.1	3.42467822	1.09578761e-005
4320.8	3.42454551	1.11789346e-005
4349.8	3.42441293	1.14059598e-005
4379.1	3.42428044	1.16391672e-005
4408.9	3.42414804	1.18787863e-005
4439.1	3.4240157	1.2125003e-005
4469.7	3.42388341	1.23780835e-005
4500.8	3.42375116	1.26382312e-005
4532.3	3.42361892	1.29057155e-005
4564.2	3.42348667	1.31808087e-005
4596.5	3.4233544	1.34637515e-005
4629.4	3.42322207	1.37548653e-005
4662.7	3.42308967	1.40544021e-005
4696.5	3.42295719	1.43626934e-005
4730.8	3.42282458	1.46800831e-005
4765.5	3.42269183	1.50068611e-005
4800.8	3.42255892	1.53434239e-005
4836.7	3.42242582	1.56900961e-005
4873	3.4222925	1.6047286e-005
4910	3.42215892	1.64154139e-005
4947.4	3.42202508	1.67948557e-005
4985.5	3.42189092	1.71860978e-005
5024.1	3.42175643	1.75895508e-005
5063.4	3.42162157	1.80057233e-005
5103.3	3.4214863	1.8435148e-005
5143.8	3.42135059	1.88783012e-005
5184.9	3.4212144	1.93357896e-005
5226.7	3.42107771	1.98081429e-005
5269.2	3.42094046	2.02959956e-005
5312.4	3.4208026	2.08000221e-005
5356.3	3.42066411	2.13208353e-005
5400.9	3.42052494	2.18592043e-005
5446.3	3.42038503	2.241581e-005
5492.5	3.42024435	2.29914627e-005
5539.4	3.42010283	2.35870218e-005
5587.2	3.41996044	2.42032764e-005
5635.8	3.41981709	2.48412225e-005
5685.2	3.41967276	2.55017269e-005
5735.5	3.41952738	2.61858459e-005
5786.7	3.41938086	2.68946936e-005
5838.9	3.41923317	2.76292948e-005
5891.9	3.41908421	2.83909367e-005
5946	3.41893393	2.91807652e-005
6001.1	3.41878226	3.00001495e-005
6057.1	3.41862909	3.08505522e-005
6114.3	3.41847437	3.17333213e-005
6172.5	3.41831798	3.26501485e-005
6231.9	3.41815987	3.36025606e-005
6292.4	3.41799992	3.45923651e-005
6354.1	3.41783802	3.56214826e-005
6417	3.4176741	3.66917533e-005
6481.1	3.41750801	3.78053822e-005
6546.6	3.41733966	3.89644552e-005
6613.4	3.41716893	4.01713843e-005
6681.6	3.41699566	4.14287474e-005
6751.2	3.41681976	4.27390459e-005
6822.3	3.41664106	4.41052446e-005
6894.8	3.41645942	4.55302167e-005
6969	3.41627468	4.70172171e-005
7044.7	3.41608666	4.85697703e-005
7122.1	3.41589522	5.01913261e-005
7201.3	3.41570014	5.18858673e-005
7282.2	3.41550124	5.3657665e-005
7364.9	3.41529831	5.55109275e-005
7449.6	3.41509113	5.74506303e-005
7536.2	3.41487948	5.94816472e-005
7624.9	3.41466311	6.16095182e-005
7715.6	3.41444174	6.384026e-005
7808.6	3.41421513	6.61798473e-005
7903.8	3.41398295	6.86353482e-005
8001.4	3.41374492	7.12136376e-005
8101.4	3.4135007	7.39227175e-005
8204	3.41324992	7.67711747e-005
8309.1	3.41299223	7.97676838e-005
8417.1	3.41272722	8.29223941e-005
8527.8	3.41245448	8.62454979e-005
8641.5	3.41217354	8.97485579e-005
8758.3	3.4118839	9.34442234e-005
8878.3	3.41158509	9.7345374e-005
9001.6	3.4112765	0.000101467052
9128.4	3.41095759	0.000105824504
9258.8	3.41062769	0.00011043512
9393	3.41028611	0.000115317923
9531.1	3.40993215	0.000120492592
9673.3	3.40956498	0.000125981995
9819.9	3.40918379	0.000131809728
9971	3.40878765	0.000138002602
10127	3.40837554	0.000144590206
10288	3.40794645	0.000151603523
10453	3.40749916	0.000159078546
10625	3.4070325	0.000167052843
10802	3.40654506	0.000175569436
10985	3.40603536	0.000184675809
11174	3.40550184	0.000194422704
11370	3.40494275	0.00020486815
11573	3.40435613	0.000216076629
11784	3.40374	0.000228117614
12002	3.403092	0.000241071628
12229	3.40240973	0.000255025036
12464	3.40169042	0.000270077283
12708	3.40093102	0.000286339819
12962	3.40012832	0.000303934639
13227	3.39927858	0.000323003599
13502	3.39837786	0.0003437018
13790	3.39742164	0.000366208686
14089	3.3964049	0.000390728095
14403	3.39532224	0.000417486955
14730	3.39416735	0.000446750896
15072	3.39293349	0.00047881647
15431	3.39161285	0.000514029697
15808	3.39019666	0.000552789737
16203	3.38867529	0.000595549483
16618	3.38703745	0.000642846135
17056	3.38527079	0.000695291311
17517	3.38336089	0.000753610334
18003	3.38129126	0.000818655359
18518	3.37904343	0.000891416935
19062	3.37659551	0.000973087967
19640	3.37392292	0.00106506539
20254	3.37099655	0.00116903916
20907	3.36778246	0.00128704402
21604	3.36424152	0.00142151813
22349	3.36032667	0.00157546806
23147	3.35598324	0.00175254002
24004	3.35114519	0.00195727299
24927	3.34573324	0.00219532581
25925	3.3396527	0.00247375591
27005	3.33278669	0.00280158708
28179	3.32499351	0.0031902903
29460	3.31609617	0.00365479437