0.25	1.637	3.59E+00
0.26	1.737	3.99E+00
0.27	2.03	4.60E+00
0.28	2.84	5.20E+00
0.29	4.185	5.31E+00
0.3	5.049	4.29E+00
0.31	5.091	3.62E+00
0.32	5.085	3.28E+00
0.33	5.135	3.09E+00
0.34	5.245	2.96E+00
0.35	5.423	2.91E+00
0.36	5.914	2.91E+00
0.37	6.82	2.14E+00
0.38	6.587	9.84E-01
0.39	6.025	5.03E-01
0.4	5.623	3.26E-01
0.41	5.341	2.41E-01
0.42	5.11	1.77E-01
0.43	4.932	1.38E-01
0.44	4.79	1.12E-01
0.45	4.673	9.54E-02
0.46	4.572	7.91E-02
0.47	4.485	7.02E-02
0.48	4.412	5.98E-02
0.49	4.349	5.38E-02
0.5	4.289	4.85E-02
0.51	4.235	4.38E-02
0.52	4.187	3.95E-02
0.53	4.145	3.48E-02
0.54	4.103	2.99E-02
0.55	4.073	2.80E-02
0.56	4.038	2.66E-02
0.57	4.006	2.37E-02
0.58	3.977	2.19E-02
0.59	3.954	2.01E-02
0.6	3.931	1.85E-02
0.61	3.908	1.73E-02
0.62	3.888	1.68E-02
0.63	3.869	1.63E-02
0.64	3.851	1.47E-02
0.65	3.835	1.44E-02
0.66	3.817	1.36E-02
0.67	3.805	1.28E-02
0.68	3.791	1.20E-02
0.69	3.776	1.13E-02
0.7	3.765	1.06E-02
0.71	3.753	9.96E-03
0.72	3.741	9.33E-03
0.73	3.73	8.73E-03
0.74	3.719	8.16E-03
0.75	3.712	7.62E-03
0.76	3.701	7.09E-03
0.77	3.693	6.61E-03
0.78	3.684	6.13E-03
0.79	3.677	5.69E-03
0.8	3.669	5.27E-03
0.81	3.662	4.86E-03
0.82	3.655	4.48E-03
0.83	3.646	4.12E-03
0.84	3.641	3.78E-03
0.85	3.636	3.46E-03
0.86	3.628	3.16E-03
0.87	3.622	2.87E-03
0.88	3.617	2.60E-03
0.89	3.613	2.35E-03
0.9	3.61	2.11E-03
0.91	3.604	1.89E-03
0.92	3.598	1.68E-03
0.93	3.597	1.48E-03
0.94	3.59	1.31E-03
0.95	3.584	1.14E-03
0.96	3.584	9.82E-04
0.97	3.578	8.41E-04
0.98	3.582	7.13E-04
0.99	3.579	5.96E-04
1	3.575	4.90E-04
1.01	3.572	3.96E-04
1.02	3.568	3.14E-04
1.03	3.565	2.40E-04
1.04	3.562	1.80E-04
1.05	3.559	1.30E-04
1.06	3.556	9.25E-05
1.07	3.553	6.78E-05
1.08	3.549	5.22E-05
1.09	3.547	3.98E-05
1.1	3.545	3.02E-05
1.11	3.542	2.29E-05
1.12	3.54	1.71E-05
1.13	3.537	1.24E-05
1.14	3.534	8.62E-06
1.15	3.533	5.69E-06
1.16	3.53	3.43E-06
1.17	3.527	1.77E-06
1.18	3.526	5.56E-07
1.19	3.524	2.32E-07
1.2	3.522	1.39E-07
1.21	3.52	8.09E-08
1.22	3.518	4.79E-08
1.23	3.517	2.71E-08
1.24	3.515	1.43E-08
1.25	3.513	5.88E-09
1.26	3.512	2.34E-09
1.27	3.509	1.27E-09
1.28	3.509	7.53E-10
1.29	3.506	4.48E-10
1.3	3.505	2.72E-10
1.31	3.503	1.59E-10
1.32	3.502	8.72E-11
1.33	3.501	4.20E-11
1.34	3.5	1.81E-11
1.35	3.499	1.04E-11
1.36	3.497	6.29E-12
1.37	3.496	3.90E-12
1.38	3.496	2.64E-12
1.39	3.496	1.74E-12
1.4	3.493	1.04E-12
1.41	3.492	6.04E-13
1.42	3.492	4.29E-13
1.43	3.49	2.04E-13
1.44	3.488	1.38E-13
1.45	3.487	1.09E-13
2.437	3.443366399	1.09E-13
2.663	3.44000962	1.09E-13
2.889	3.43728463	1.09E-13
3.114	3.435063313	1.09E-13
3.34	3.433219896	1.09E-13
3.565	3.431689936	1.09E-13
3.791	3.430397648	1.09E-13
4.017	3.429302454	1.09E-13
4.242	3.428371017	1.09E-13
4.468	3.427566129	1.09E-13
4.694	3.426869374	1.09E-13
4.919	3.426265079	1.09E-13
5.145	3.425733346	1.09E-13
5.37	3.425267209	1.09E-13
5.596	3.42485296	1.09E-13
5.822	3.424484927	1.09E-13
6.047	3.424157977	1.09E-13
6.273	3.423863813	1.09E-13
6.499	3.423599442	1.09E-13
6.724	3.423362058	1.09E-13
6.95	3.423146338	1.09E-13
7.175	3.422951474	1.09E-13
7.401	3.422773397	1.09E-13
7.627	3.422611001	1.09E-13
7.852	3.422463178	1.09E-13
8.078	3.422327114	1.09E-13
8.304	3.422202187	1.09E-13
8.529	3.422087742	1.09E-13
8.755	3.421981766	1.09E-13
8.98	3.421884323	1.09E-13
9.206	3.421793775	1.09E-13
9.432	3.421709885	1.09E-13
9.657	3.421632375	1.09E-13
9.883	3.421560016	1.09E-13
10.11	3.421492393	1.09E-13
10.33	3.421431276	1.09E-13
10.56	3.421371639	1.09E-13
10.79	3.421315993	1.09E-13
11.01	3.421266193	1.09E-13
11.24	3.421217422	1.09E-13
11.46	3.421173673	1.09E-13
11.69	3.42113073	1.09E-13
11.91	3.421092124	1.09E-13
12.14	3.421054145	1.09E-13
12.36	3.421019925	1.09E-13
12.59	3.420986188	1.09E-13
12.82	3.420954379	1.09E-13
13.04	3.420925622	1.09E-13
13.27	3.420897174	1.09E-13
13.49	3.420871398	1.09E-13
13.72	3.420845838	1.09E-13
13.94	3.420822622	1.09E-13
14.17	3.420799544	1.09E-13
14.4	3.420777595	1.09E-13
14.62	3.420757579	1.09E-13
14.85	3.420737598	1.09E-13
15.07	3.420719324	1.09E-13
15.3	3.420701026	1.09E-13
15.52	3.420684237	1.09E-13
15.75	3.420667371	1.09E-13
15.97	3.420651841	1.09E-13
16.2	3.420636183	1.09E-13
16.43	3.420621065	1.09E-13
16.65	3.420607063	1.09E-13
16.88	3.42059286	1.09E-13
17.1	3.420579651	1.09E-13
17.33	3.420566193	1.09E-13
17.55	3.420553621	1.09E-13
17.78	3.420540755	1.09E-13
18.01	3.420528135	1.09E-13
18.23	3.420516262	1.09E-13
18.46	3.420504024	1.09E-13
18.68	3.420492456	1.09E-13
18.91	3.420480474	1.09E-13
19.13	3.420469094	1.09E-13
19.36	3.420457252	1.09E-13
19.58	3.420445953	1.09E-13
19.81	3.420434143	1.09E-13
20.04	3.420422308	1.09E-13
20.26	3.420410941	1.09E-13
20.49	3.420398984	1.09E-13
20.71	3.420387454	1.09E-13
20.94	3.420375279	1.09E-13
21.16	3.420363498	1.09E-13
21.39	3.420351015	1.09E-13
21.62	3.420338342	1.09E-13
21.84	3.42032602	1.09E-13
22.07	3.420312908	1.09E-13
22.29	3.420300126	1.09E-13
22.52	3.420286493	1.09E-13
22.74	3.420273175	1.09E-13
22.97	3.420258941	1.09E-13
23.19	3.420245009	1.09E-13
23.42	3.420230095	1.09E-13
23.65	3.420214804	1.09E-13
23.87	3.420199806	1.09E-13
24.1	3.42018372	1.09E-13
24.32	3.420167926	1.09E-13
24.55	3.420150969	1.09E-13
24.77	3.420134308	1.09E-13
25	3.420116408	1.09E-13
