1800.010010 0.395686 0.305455 0.090231
1798.899048 0.395708 0.305589 0.090119
1797.787964 0.395744 0.305653 0.090092
1796.677002 0.395766 0.305665 0.090100
1795.566040 0.395813 0.305643 0.090170
1794.454956 0.395786 0.305543 0.090243
1793.343994 0.395798 0.305453 0.090344
1792.233032 0.395816 0.305513 0.090303
1791.121948 0.395774 0.305489 0.090286
1790.010986 0.395769 0.305497 0.090272
1788.900024 0.395790 0.305603 0.090187
1787.789063 0.395817 0.305867 0.089950
1786.677979 0.395866 0.305852 0.090013
1785.567017 0.395862 0.305841 0.090021
1784.456055 0.395882 0.305892 0.089990
1783.344971 0.395932 0.305948 0.089984
1782.234009 0.395968 0.305900 0.090068
1781.123047 0.395994 0.305946 0.090047
1780.011963 0.395940 0.305756 0.090184
1778.901001 0.396030 0.305861 0.090169
1777.790039 0.396058 0.305766 0.090292
1776.678955 0.396066 0.305673 0.090394
1775.567993 0.396051 0.305617 0.090434
1774.457031 0.396044 0.305618 0.090426
1773.345947 0.396040 0.305661 0.090380
1772.234985 0.396063 0.305742 0.090320
1771.124023 0.396077 0.305800 0.090277
1770.013062 0.396081 0.305757 0.090324
1768.901978 0.396138 0.305779 0.090359
1767.791016 0.396148 0.305788 0.090361
1766.680054 0.396127 0.305749 0.090378
1765.568970 0.396104 0.305671 0.090433
1764.458008 0.396060 0.305634 0.090426
1763.347046 0.396035 0.305579 0.090456
1762.235962 0.396001 0.305500 0.090500
1761.125000 0.395953 0.305492 0.090461
1760.014038 0.395906 0.305468 0.090438
1758.902954 0.395860 0.305414 0.090446
1757.791992 0.395824 0.305401 0.090423
1756.681030 0.395792 0.305385 0.090407
1755.570068 0.395768 0.305367 0.090401
1754.458984 0.395731 0.305353 0.090378
1753.348022 0.395701 0.305331 0.090370
1752.237061 0.395664 0.305278 0.090386
1751.125977 0.395608 0.305206 0.090402
1750.015015 0.395582 0.305169 0.090413
1748.904053 0.395532 0.305154 0.090378
1747.792969 0.395478 0.305093 0.090385
1746.682007 0.395434 0.305050 0.090385
1745.571045 0.395392 0.304984 0.090408
1744.459961 0.395349 0.304918 0.090431
1743.348999 0.395296 0.304847 0.090450
1742.238037 0.395260 0.304794 0.090466
1741.126953 0.395204 0.304731 0.090473
1740.015991 0.395158 0.304664 0.090494
1738.905029 0.395130 0.304621 0.090510
1737.794067 0.395087 0.304567 0.090520
1736.682983 0.395047 0.304496 0.090551
1735.572021 0.395017 0.304437 0.090580
1734.461060 0.394985 0.304384 0.090601
1733.349976 0.394944 0.304329 0.090615
1732.239014 0.394901 0.304260 0.090641
1731.128052 0.394853 0.304185 0.090668
1730.016968 0.394803 0.304100 0.090703
1728.906006 0.394744 0.304010 0.090734
1727.795044 0.394684 0.303903 0.090781
1726.683960 0.394610 0.303789 0.090820
1725.572998 0.394535 0.303686 0.090849
1724.462036 0.394441 0.303556 0.090885
1723.350952 0.394360 0.303427 0.090932
1722.239990 0.394276 0.303321 0.090955
1721.129028 0.394203 0.303204 0.090999
1720.018066 0.394104 0.303058 0.091046
1718.906982 0.394002 0.302907 0.091096
1717.796021 0.393890 0.302752 0.091137
1716.685059 0.393760 0.302574 0.091185
1715.573975 0.393633 0.302407 0.091226
1714.463013 0.393482 0.302205 0.091277
1713.352051 0.393333 0.302006 0.091327
1712.240967 0.393167 0.301792 0.091375
1711.130005 0.393005 0.301568 0.091437
1710.019043 0.392837 0.301356 0.091482
1708.907959 0.392671 0.301133 0.091538
1707.796997 0.392508 0.300912 0.091597
1706.686035 0.392345 0.300706 0.091639
1705.574951 0.392173 0.300491 0.091682
1704.463989 0.392013 0.300279 0.091733
1703.353027 0.391860 0.300080 0.091780
1702.242065 0.391718 0.299899 0.091819
1701.130981 0.391567 0.299706 0.091861
1700.020020 0.391422 0.299503 0.091918
1698.909058 0.391288 0.299322 0.091965
1697.797974 0.391168 0.299163 0.092004
1696.687012 0.391046 0.298997 0.092049
1695.576050 0.390939 0.298839 0.092100
1694.464966 0.390834 0.298695 0.092140
1693.354004 0.390748 0.298559 0.092190
1692.243042 0.390673 0.298441 0.092232
1691.131958 0.390597 0.298326 0.092271
1690.020996 0.390537 0.298233 0.092304
1688.910034 0.390487 0.298148 0.092339
1687.798950 0.390434 0.298061 0.092373
1686.687988 0.390391 0.297987 0.092404
1685.577026 0.390360 0.297928 0.092433
1684.466064 0.390323 0.297854 0.092469
1683.354980 0.390306 0.297811 0.092495
1682.244019 0.390290 0.297767 0.092523
1681.133057 0.390269 0.297718 0.092551
1680.021973 0.390256 0.297680 0.092576
1678.911011 0.390252 0.297653 0.092599
1677.800049 0.390255 0.297632 0.092622
1676.688965 0.390247 0.297606 0.092641
1675.578003 0.390238 0.297583 0.092656
1674.467041 0.390258 0.297582 0.092677
1673.355957 0.390278 0.297584 0.092694
1672.244995 0.390308 0.297594 0.092714
1671.134033 0.390321 0.297597 0.092724
1670.023071 0.390347 0.297617 0.092730
1668.911987 0.390379 0.297633 0.092746
1667.801025 0.390407 0.297646 0.092762
1666.690063 0.390433 0.297668 0.092765
1665.578979 0.390476 0.297700 0.092776
1664.468018 0.390509 0.297727 0.092781
1663.357056 0.390551 0.297773 0.092778
1662.245972 0.390613 0.297835 0.092779
1661.135010 0.390652 0.297869 0.092783
1660.024048 0.390710 0.297932 0.092778
1658.912964 0.390778 0.297999 0.092779
1657.802002 0.390841 0.298052 0.092789
1656.691040 0.390907 0.298112 0.092795
1655.579956 0.390978 0.298182 0.092796
1654.468994 0.391057 0.298258 0.092799
1653.358032 0.391149 0.298354 0.092795
1652.247070 0.391226 0.298438 0.092788
1651.135986 0.391303 0.298517 0.092786
1650.025024 0.391378 0.298601 0.092777
1648.914063 0.391468 0.298692 0.092776
1647.802979 0.391552 0.298771 0.092781
1646.692017 0.391648 0.298879 0.092769
1645.581055 0.391740 0.298985 0.092755
1644.469971 0.391846 0.299100 0.092745
1643.359009 0.391955 0.299211 0.092743
1642.248047 0.392068 0.299329 0.092739
1641.136963 0.392174 0.299436 0.092738
1640.026001 0.392276 0.299546 0.092730
1638.915039 0.392399 0.299678 0.092721
1637.803955 0.392505 0.299791 0.092714
1636.692993 0.392616 0.299914 0.092702
1635.582031 0.392729 0.300048 0.092680
1634.471069 0.392845 0.300178 0.092667
1633.359985 0.392957 0.300311 0.092647
1632.249023 0.393074 0.300448 0.092626
1631.138062 0.393184 0.300563 0.092621
1630.026978 0.393293 0.300690 0.092603
1628.916016 0.393408 0.300827 0.092581
1627.805054 0.393525 0.300947 0.092578
1626.693970 0.393641 0.301074 0.092567
1625.583008 0.393759 0.301210 0.092550
1624.472046 0.393872 0.301331 0.092541
1623.360962 0.393995 0.301462 0.092533
1622.250000 0.394112 0.301584 0.092528
1621.139038 0.394219 0.301708 0.092511
1620.027954 0.394333 0.301834 0.092498
1618.916992 0.394442 0.301960 0.092482
1617.806030 0.394559 0.302085 0.092474
1616.695068 0.394666 0.302206 0.092460
1615.583984 0.394780 0.302334 0.092446
1614.473022 0.394887 0.302449 0.092438
1613.362061 0.394989 0.302556 0.092433
1612.250977 0.395091 0.302674 0.092417
1611.140015 0.395193 0.302780 0.092413
1610.029053 0.395296 0.302892 0.092404
1608.917969 0.395401 0.303016 0.092386
1607.807007 0.395513 0.303135 0.092378
1606.696045 0.395623 0.303247 0.092376
1605.584961 0.395729 0.303371 0.092358
1604.473999 0.395833 0.303495 0.092338
1603.363037 0.395938 0.303609 0.092329
1602.252075 0.396032 0.303708 0.092324
1601.140991 0.396124 0.303807 0.092317
1600.030029 0.396222 0.303919 0.092303
1598.919067 0.396311 0.304019 0.092292
1597.807983 0.396403 0.304122 0.092281
1596.697021 0.396498 0.304221 0.092277
1595.586060 0.396581 0.304324 0.092257
1594.474976 0.396672 0.304427 0.092244
1593.364014 0.396756 0.304520 0.092236
1592.253052 0.396845 0.304623 0.092222
1591.141968 0.396933 0.304723 0.092210
1590.031006 0.397024 0.304817 0.092207
1588.920044 0.397107 0.304909 0.092198
1587.808960 0.397190 0.305002 0.092189
1586.697998 0.397269 0.305086 0.092182
1585.587036 0.397337 0.305159 0.092178
1584.476074 0.397398 0.305227 0.092172
1583.364990 0.397469 0.305303 0.092166
1582.254028 0.397530 0.305361 0.092169
1581.143066 0.397588 0.305430 0.092158
1580.031982 0.397655 0.305512 0.092143
1578.921021 0.397718 0.305574 0.092143
1577.810059 0.397775 0.305635 0.092140
1576.698975 0.397843 0.305708 0.092135
1575.588013 0.397911 0.305785 0.092126
1574.477051 0.397966 0.305850 0.092116
1573.365967 0.398023 0.305904 0.092118
1572.255005 0.398067 0.305946 0.092121
1571.144043 0.398120 0.305993 0.092127
1570.032959 0.398163 0.306032 0.092131
1568.921997 0.398212 0.306072 0.092139
1567.811035 0.398256 0.306122 0.092133
1566.700073 0.398300 0.306166 0.092134
1565.588989 0.398344 0.306205 0.092139
1564.478027 0.398381 0.306239 0.092142
1563.367065 0.398414 0.306270 0.092144
1562.255981 0.398456 0.306309 0.092147
1561.145020 0.398488 0.306345 0.092143
1560.034058 0.398527 0.306391 0.092135
1558.922974 0.398550 0.306405 0.092145
1557.812012 0.398579 0.306425 0.092154
1556.701050 0.398602 0.306450 0.092152
1555.589966 0.398621 0.306469 0.092152
1554.479004 0.398642 0.306488 0.092154
1553.368042 0.398655 0.306490 0.092165
1552.256958 0.398672 0.306505 0.092167
1551.145996 0.398683 0.306509 0.092174
1550.035034 0.398703 0.306523 0.092181
1548.924072 0.398719 0.306538 0.092180
1547.812988 0.398734 0.306555 0.092179
1546.702026 0.398749 0.306569 0.092180
1545.591064 0.398759 0.306565 0.092193
1544.479980 0.398768 0.306566 0.092202
1543.369019 0.398764 0.306556 0.092208
1542.258057 0.398778 0.306558 0.092220
1541.146973 0.398793 0.306573 0.092220
1540.036011 0.398793 0.306571 0.092222
1538.925049 0.398795 0.306560 0.092235
1537.813965 0.398786 0.306532 0.092254
1536.703003 0.398800 0.306531 0.092268
1535.592041 0.398796 0.306519 0.092277
1534.481079 0.398799 0.306518 0.092281
1533.369995 0.398795 0.306502 0.092293
1532.259033 0.398789 0.306479 0.092310
1531.148071 0.398789 0.306467 0.092322
1530.036987 0.398783 0.306439 0.092344
1528.926025 0.398778 0.306423 0.092355
1527.815063 0.398769 0.306402 0.092367
1526.703979 0.398753 0.306370 0.092383
1525.593018 0.398736 0.306330 0.092406
1524.482056 0.398712 0.306299 0.092413
1523.370972 0.398696 0.306270 0.092426
1522.260010 0.398673 0.306234 0.092440
1521.149048 0.398656 0.306195 0.092461
1520.037964 0.398632 0.306160 0.092472
1518.927002 0.398608 0.306111 0.092497
1517.816040 0.398584 0.306062 0.092521
1516.705078 0.398565 0.306016 0.092549
1515.593994 0.398538 0.305975 0.092563
1514.483032 0.398510 0.305930 0.092580
1513.372070 0.398492 0.305891 0.092601
1512.260986 0.398459 0.305832 0.092627
1511.150024 0.398426 0.305779 0.092647
1510.039063 0.398389 0.305720 0.092669
1508.927979 0.398345 0.305652 0.092693
1507.817017 0.398315 0.305601 0.092713
1506.706055 0.398271 0.305533 0.092738
1505.594971 0.398230 0.305468 0.092761
1504.484009 0.398192 0.305402 0.092789
1503.373047 0.398155 0.305336 0.092819
1502.261963 0.398110 0.305265 0.092845
1501.151001 0.398060 0.305194 0.092866
1500.040039 0.398025 0.305138 0.092887
1498.929077 0.397974 0.305062 0.092913
1497.817993 0.397920 0.304978 0.092942
1496.707031 0.397863 0.304899 0.092964
1495.596069 0.397811 0.304827 0.092984
1494.484985 0.397753 0.304750 0.093003
1493.374023 0.397709 0.304678 0.093031
1492.263062 0.397645 0.304588 0.093057
1491.151978 0.397581 0.304506 0.093075
1490.041016 0.397527 0.304424 0.093103
1488.930054 0.397469 0.304336 0.093134
1487.818970 0.397414 0.304260 0.093154
1486.708008 0.397361 0.304184 0.093178
1485.597046 0.397302 0.304104 0.093197
1484.485962 0.397238 0.304013 0.093224
1483.375000 0.397165 0.303917 0.093247
1482.264038 0.397096 0.303830 0.093266
1481.153076 0.397023 0.303733 0.093290
1480.041992 0.396965 0.303647 0.093317
1478.931030 0.396909 0.303570 0.093339
1477.820068 0.396834 0.303460 0.093374
1476.708984 0.396771 0.303369 0.093402
1475.598022 0.396715 0.303280 0.093435
1474.487061 0.396653 0.303193 0.093461
1473.375977 0.396598 0.303108 0.093490
1472.265015 0.396535 0.303016 0.093519
1471.154053 0.396462 0.302916 0.093546
1470.042969 0.396407 0.302839 0.093569
1468.932007 0.396348 0.302747 0.093601
1467.821045 0.396283 0.302663 0.093620
1466.710083 0.396223 0.302578 0.093646
1465.598999 0.396155 0.302480 0.093675
1464.488037 0.396081 0.302376 0.093706
1463.377075 0.396011 0.302280 0.093731
1462.265991 0.395941 0.302178 0.093763
1461.155029 0.395872 0.302079 0.093794
1460.044067 0.395815 0.301994 0.093821
1458.932983 0.395755 0.301907 0.093848
1457.822021 0.395681 0.301800 0.093881
1456.711060 0.395586 0.301680 0.093906
1455.599976 0.395514 0.301589 0.093926
1454.489014 0.395447 0.301502 0.093944
1453.378052 0.395361 0.301396 0.093964
1452.266968 0.395286 0.301291 0.093995
1451.156006 0.395203 0.301178 0.094025
1450.045044 0.395121 0.301079 0.094042
1448.934082 0.395046 0.300983 0.094063
1447.822998 0.394964 0.300868 0.094095
1446.712036 0.394882 0.300766 0.094116
1445.601074 0.394793 0.300652 0.094142
1444.489990 0.394717 0.300560 0.094157
1443.379028 0.394629 0.300450 0.094178
1442.268066 0.394554 0.300359 0.094195
1441.156982 0.394483 0.300257 0.094226
1440.046021 0.394410 0.300170 0.094240
1438.935059 0.394347 0.300090 0.094257
1437.823975 0.394270 0.299991 0.094279
1436.713013 0.394204 0.299906 0.094298
1435.602051 0.394129 0.299816 0.094313
1434.490967 0.394067 0.299731 0.094336
1433.380005 0.394007 0.299653 0.094354
1432.269043 0.393939 0.299571 0.094368
1431.158081 0.393866 0.299483 0.094383
1430.046997 0.393784 0.299386 0.094397
1428.936035 0.393721 0.299308 0.094413
1427.825073 0.393665 0.299228 0.094438
1426.713989 0.393598 0.299145 0.094453
1425.603027 0.393511 0.299045 0.094466
1424.492065 0.393436 0.298953 0.094484
1423.380981 0.393382 0.298877 0.094505
1422.270020 0.393310 0.298780 0.094530
1421.159058 0.393232 0.298687 0.094545
1420.047974 0.393156 0.298598 0.094559
1418.937012 0.393068 0.298495 0.094573
1417.826050 0.392991 0.298397 0.094594
1416.714966 0.392914 0.298300 0.094614
1415.604004 0.392830 0.298205 0.094625
1414.493042 0.392755 0.298118 0.094637
1413.382080 0.392703 0.298039 0.094664
1412.270996 0.392622 0.297938 0.094684
1411.160034 0.392515 0.297813 0.094702
1410.049072 0.392450 0.297727 0.094723
1408.937988 0.392423 0.297677 0.094746
1407.827026 0.392396 0.297623 0.094773
1406.716064 0.392294 0.297512 0.094782
1405.604980 0.392180 0.297391 0.094790
1404.494019 0.392132 0.297324 0.094809
1403.383057 0.392101 0.297285 0.094816
1402.271973 0.392065 0.297230 0.094835
1401.161011 0.392045 0.297195 0.094849
1400.050049 0.392016 0.297156 0.094860
1398.939087 0.391994 0.297114 0.094880
1397.828003 0.391979 0.297075 0.094904
1396.717041 0.391962 0.297051 0.094911
1395.606079 0.391945 0.297026 0.094920
1394.494995 0.391913 0.296985 0.094929
1393.384033 0.391883 0.296943 0.094940
1392.273071 0.391862 0.296915 0.094947
1391.161987 0.391847 0.296909 0.094938
1390.051025 0.391880 0.296935 0.094946
1388.940063 0.391943 0.296996 0.094947
1387.828979 0.391966 0.297012 0.094954
1386.718018 0.391974 0.297017 0.094957
1385.607056 0.391992 0.297044 0.094948
1384.495972 0.392071 0.297111 0.094959
1383.385010 0.392152 0.297190 0.094962
1382.274048 0.392178 0.297214 0.094964
1381.163086 0.392217 0.297244 0.094973
1380.052002 0.392234 0.297261 0.094973
1378.941040 0.392229 0.297257 0.094972
1377.830078 0.392257 0.297283 0.094974
1376.718994 0.392287 0.297324 0.094963
1375.608032 0.392314 0.297367 0.094947
1374.497070 0.392352 0.297406 0.094946
1373.385986 0.392370 0.297430 0.094940
1372.275024 0.392415 0.297478 0.094937
1371.164063 0.392493 0.297562 0.094931
1370.052979 0.392558 0.297639 0.094920
1368.942017 0.392614 0.297689 0.094925
1367.831055 0.392673 0.297752 0.094921
1366.719971 0.392707 0.297790 0.094917
1365.609009 0.392755 0.297847 0.094907
1364.498047 0.392814 0.297918 0.094897
1363.387085 0.392888 0.297996 0.094892
1362.276001 0.392968 0.298087 0.094881
1361.165039 0.393069 0.298192 0.094877
1360.054077 0.393183 0.298316 0.094867
1358.942993 0.393284 0.298430 0.094855
1357.832031 0.393416 0.298580 0.094836
1356.721069 0.393560 0.298743 0.094817
1355.609985 0.393697 0.298894 0.094804
1354.499023 0.393849 0.299054 0.094795
1353.388062 0.393999 0.299215 0.094784
1352.276978 0.394141 0.299369 0.094772
1351.166016 0.394319 0.299556 0.094763
1350.055054 0.394484 0.299731 0.094753
1348.943970 0.394624 0.299875 0.094750
1347.833008 0.394764 0.300020 0.094744
1346.722046 0.394913 0.300189 0.094724
1345.611084 0.395049 0.300340 0.094710
1344.500000 0.395194 0.300493 0.094700
1343.389038 0.395334 0.300645 0.094689
1342.278076 0.395458 0.300777 0.094681
1341.166992 0.395571 0.300902 0.094669
1340.056030 0.395683 0.301031 0.094652
1338.945068 0.395785 0.301150 0.094635
1337.833984 0.395884 0.301259 0.094625
1336.723022 0.395981 0.301366 0.094615
1335.612061 0.396067 0.301452 0.094616
1334.500977 0.396152 0.301542 0.094610
1333.390015 0.396235 0.301633 0.094602
1332.279053 0.396316 0.301728 0.094587
1331.167969 0.396389 0.301808 0.094581
1330.057007 0.396474 0.301903 0.094571
1328.946045 0.396561 0.301995 0.094567
1327.835083 0.396642 0.302085 0.094558
1326.723999 0.396728 0.302179 0.094549
1325.613037 0.396812 0.302274 0.094538
1324.502075 0.396885 0.302358 0.094527
1323.390991 0.396953 0.302429 0.094525
1322.280029 0.397025 0.302510 0.094515
1321.169067 0.397091 0.302586 0.094505
1320.057983 0.397161 0.302668 0.094493
1318.947021 0.397233 0.302757 0.094476
1317.836060 0.397294 0.302825 0.094470
1316.724976 0.397360 0.302898 0.094461
1315.614014 0.397422 0.302974 0.094449
1314.503052 0.397495 0.303052 0.094443
1313.392090 0.397561 0.303133 0.094429
1312.281006 0.397616 0.303189 0.094428
1311.170044 0.397673 0.303254 0.094419
1310.059082 0.397729 0.303307 0.094421
1308.947998 0.397783 0.303359 0.094425
1307.837036 0.397834 0.303415 0.094419
1306.726074 0.397877 0.303468 0.094409
1305.614990 0.397921 0.303521 0.094400
1304.504028 0.397963 0.303569 0.094394
1303.393066 0.397994 0.303599 0.094395
1302.281982 0.398024 0.303620 0.094404
1301.171021 0.398064 0.303668 0.094396
1300.060059 0.398095 0.303700 0.094395
1298.948975 0.398133 0.303740 0.094393
1297.838013 0.398156 0.303757 0.094398
1296.727051 0.398178 0.303768 0.094410
1295.616089 0.398211 0.303800 0.094411
1294.505005 0.398233 0.303815 0.094418
1293.394043 0.398252 0.303827 0.094425
1292.283081 0.398270 0.303840 0.094431
1291.171997 0.398285 0.303845 0.094440
1290.061035 0.398304 0.303859 0.094446
1288.950073 0.398319 0.303864 0.094455
1287.838989 0.398329 0.303870 0.094459
1286.728027 0.398340 0.303876 0.094464
1285.617065 0.398349 0.303879 0.094470
1284.505981 0.398354 0.303871 0.094483
1283.395020 0.398360 0.303869 0.094492
1282.284058 0.398362 0.303862 0.094500
1281.172974 0.398243 0.303693 0.094550
1280.062012 0.398127 0.303536 0.094591
1278.951050 0.397998 0.303365 0.094633
1277.840088 0.397877 0.303195 0.094682
1276.729004 0.397748 0.303018 0.094730
1275.618042 0.397627 0.302859 0.094769
1274.507080 0.397496 0.302690 0.094805
1273.395996 0.397355 0.302506 0.094849
1272.285034 0.397210 0.302323 0.094888
1271.174072 0.397066 0.302150 0.094916
1215.624023 0.396920 0.301973 0.094947
1214.513062 0.396773 0.301801 0.094972
1213.401978 0.396621 0.301634 0.094986
1212.291016 0.396451 0.301452 0.094999
1211.180054 0.396294 0.301280 0.095013
1210.069092 0.396129 0.301109 0.095019
1208.958008 0.395964 0.300927 0.095037
1207.847046 0.395803 0.300757 0.095046
1206.736084 0.395632 0.300587 0.095045
1205.625000 0.395459 0.300419 0.095040
1204.514038 0.395408 0.300420 0.094988
1203.403076 0.395344 0.300404 0.094940
1202.291992 0.395275 0.300385 0.094889
1201.181030 0.395205 0.300377 0.094828
1200.070068 0.395130 0.300375 0.094755
1198.958984 0.395051 0.300368 0.094683
1197.848022 0.394965 0.300365 0.094600
1196.737061 0.394876 0.300361 0.094515
1195.625977 0.394794 0.300375 0.094420
1194.515015 0.394696 0.300375 0.094320
1193.404053 0.394582 0.300379 0.094204
1192.293091 0.394466 0.300387 0.094079
1191.182007 0.394334 0.300398 0.093936
1190.071045 0.394187 0.300417 0.093771
1188.960083 0.393987 0.300426 0.093561
1187.848999 0.393731 0.300450 0.093281
1186.738037 0.393405 0.300466 0.092939
1185.627075 0.393025 0.300494 0.092531
1184.515991 0.392593 0.300511 0.092082
1183.405029 0.392113 0.300528 0.091585
1182.294067 0.391591 0.300548 0.091043
1181.182983 0.391036 0.300588 0.090448
1180.072021 0.390448 0.300631 0.089817
1178.961060 0.389818 0.300670 0.089148
1177.850098 0.389150 0.300701 0.088449
1176.739014 0.388446 0.300749 0.087697
1175.628052 0.387708 0.300790 0.086918
1174.517090 0.386939 0.300844 0.086095
1173.406006 0.386122 0.300887 0.085235
1172.295044 0.385289 0.300949 0.084341
1171.184082 0.384416 0.300999 0.083418
1170.072998 0.383510 0.301053 0.082457
1168.962036 0.382578 0.301101 0.081476
1167.851074 0.381635 0.301159 0.080476
1166.739990 0.380694 0.301221 0.079473
1165.629028 0.379764 0.301268 0.078496
1164.518066 0.378857 0.301334 0.077523
1163.406982 0.377958 0.301385 0.076574
1162.296021 0.377086 0.301453 0.075633
1161.185059 0.376215 0.301516 0.074699
1160.074097 0.375348 0.301584 0.073764
1158.963013 0.374485 0.301646 0.072840
1157.852051 0.373624 0.301714 0.071910
1156.741089 0.372759 0.301777 0.070981
1155.630005 0.371894 0.301841 0.070053
1154.519043 0.371034 0.301914 0.069120
1153.408081 0.370180 0.301981 0.068199
1152.296997 0.369322 0.302053 0.067269
1151.186035 0.368470 0.302119 0.066351
1150.075073 0.367614 0.302179 0.065434
1148.963989 0.366778 0.302267 0.064510
1147.853027 0.365934 0.302342 0.063591
1146.742065 0.365077 0.302399 0.062678
1145.630981 0.364221 0.302468 0.061753
1144.520020 0.363369 0.302530 0.060839
1143.409058 0.362533 0.302611 0.059922
1142.298096 0.361712 0.302688 0.059024
1141.187012 0.360880 0.302756 0.058124
1140.076050 0.360043 0.302829 0.057214
1138.965088 0.359216 0.302907 0.056309
1137.854004 0.358398 0.302984 0.055414
1136.743042 0.357568 0.303047 0.054521
1135.632080 0.356746 0.303121 0.053626
1134.520996 0.355931 0.303197 0.052734
1133.410034 0.355114 0.303269 0.051845
1132.299072 0.354303 0.303328 0.050975
1131.187988 0.353493 0.303405 0.050088
1130.077026 0.352686 0.303469 0.049218
1128.966064 0.351883 0.303537 0.048346
1127.854980 0.351080 0.303601 0.047479
1126.744019 0.350269 0.303659 0.046610
1125.633057 0.349474 0.303726 0.045748
1124.522095 0.348693 0.303803 0.044889
1123.411011 0.347926 0.303875 0.044051
1122.300049 0.347167 0.303952 0.043215
1121.189087 0.346398 0.304022 0.042376
1120.078003 0.345625 0.304090 0.041535
1118.967041 0.344869 0.304160 0.040709
1117.856079 0.344119 0.304215 0.039905
1116.744995 0.343372 0.304280 0.039092
1115.634033 0.342627 0.304330 0.038297
1114.523071 0.341898 0.304396 0.037502
1113.411987 0.341163 0.304440 0.036723
1112.301025 0.340439 0.304491 0.035948
1111.190063 0.339718 0.304534 0.035184
1110.079102 0.339001 0.304574 0.034427
1108.968018 0.338285 0.304607 0.033678
1107.857056 0.337572 0.304642 0.032930
1106.746094 0.336861 0.304677 0.032184
1105.635010 0.336159 0.304714 0.031445
1104.524048 0.335456 0.304736 0.030720
1103.413086 0.334757 0.304754 0.030003
1102.302002 0.334068 0.304761 0.029307
1101.191040 0.333379 0.304764 0.028615
1100.080078 0.332697 0.304777 0.027920
1098.968994 0.332025 0.304772 0.027253
1097.858032 0.331359 0.304765 0.026594
1096.747070 0.330700 0.304764 0.025936
1095.635986 0.330050 0.304760 0.025290
1094.525024 0.329405 0.304742 0.024663
1093.414063 0.328766 0.304732 0.024035
1092.303101 0.328135 0.304718 0.023417
1091.192017 0.327515 0.304706 0.022809
1090.081055 0.326902 0.304690 0.022212
1088.970093 0.326303 0.304678 0.021624
1087.859009 0.325705 0.304662 0.021044
1086.748047 0.325122 0.304645 0.020476
1085.637085 0.324551 0.304622 0.019929
1084.526001 0.323986 0.304590 0.019396
1083.415039 0.323436 0.304553 0.018883
1082.304077 0.322903 0.304526 0.018377
1081.192993 0.322390 0.304508 0.017882
1080.082031 0.321880 0.304483 0.017397
1078.971069 0.321387 0.304455 0.016932
1077.859985 0.320890 0.304411 0.016479
1076.749023 0.320406 0.304375 0.016031
1075.638062 0.319940 0.304343 0.015596
1074.527100 0.319484 0.304309 0.015175
1073.416016 0.319043 0.304287 0.014757
1072.305054 0.318601 0.304248 0.014352
1071.194092 0.318165 0.304215 0.013951
1070.083008 0.317743 0.304182 0.013561
1068.972046 0.317322 0.304150 0.013172
1067.861084 0.316912 0.304106 0.012806
1066.750000 0.316526 0.304078 0.012449
1065.639038 0.316149 0.304049 0.012100
1064.528076 0.315770 0.304002 0.011768
1063.416992 0.315410 0.303968 0.011442
1062.306030 0.315070 0.303935 0.011134
1061.195068 0.314739 0.303908 0.010831
1060.083984 0.314425 0.303879 0.010546
1058.973022 0.314102 0.303831 0.010271
1057.862061 0.313817 0.303808 0.010009
1056.751099 0.313529 0.303785 0.009744
1055.640015 0.313264 0.303760 0.009504
1054.529053 0.313009 0.303731 0.009279
1053.418091 0.312770 0.303711 0.009059
1052.307007 0.312545 0.303699 0.008846
1051.196045 0.312331 0.303669 0.008662
1050.085083 0.312141 0.303661 0.008481
1048.973999 0.311964 0.303643 0.008321
1047.863037 0.311803 0.303623 0.008180
1046.752075 0.311666 0.303612 0.008054
1045.640991 0.311544 0.303613 0.007931
1044.530029 0.311419 0.303603 0.007816
1043.419067 0.311304 0.303587 0.007716
1042.308105 0.311220 0.303601 0.007619
1041.197021 0.311139 0.303606 0.007533
1040.086060 0.311068 0.303615 0.007453
1038.975098 0.311005 0.303616 0.007388
1037.864014 0.310947 0.303623 0.007324
1036.753052 0.310915 0.303641 0.007274
1035.642090 0.310874 0.303656 0.007218
1034.531006 0.310844 0.303670 0.007173
1033.420044 0.310830 0.303697 0.007133
1032.309082 0.310827 0.303731 0.007096
1031.197998 0.310818 0.303751 0.007067
1030.087036 0.310822 0.303784 0.007038
1028.976074 0.310826 0.303817 0.007009
1027.864990 0.310850 0.303858 0.006992
1026.754028 0.310885 0.303911 0.006973
1025.643066 0.310916 0.303969 0.006947
1024.532104 0.310952 0.304022 0.006930
1023.421021 0.310990 0.304064 0.006926
1022.310059 0.311038 0.304115 0.006923
1021.199036 0.311101 0.304185 0.006915
1020.088074 0.311163 0.304247 0.006916
1018.977051 0.311222 0.304310 0.006913
1017.866028 0.311293 0.304383 0.006909
1016.755066 0.311365 0.304462 0.006903
1015.644043 0.311440 0.304530 0.006910
1014.533020 0.311517 0.304610 0.006907
1013.422058 0.311594 0.304691 0.006903
1012.311035 0.311675 0.304770 0.006904
1011.200073 0.311761 0.304853 0.006908
1010.089050 0.311844 0.304931 0.006913
1008.978027 0.311940 0.305022 0.006918
1007.867065 0.312031 0.305100 0.006931
1006.756042 0.312127 0.305188 0.006940
1005.645020 0.312217 0.305273 0.006943
1004.534058 0.312305 0.305349 0.006956
1003.423035 0.312397 0.305421 0.006977
1002.312073 0.312491 0.305496 0.006995
1001.201050 0.312587 0.305587 0.006999
1000.090027 0.312687 0.305686 0.007001
998.979065 0.312790 0.305771 0.007018
997.868042 0.312886 0.305861 0.007025
996.757019 0.312982 0.305943 0.007039
995.646057 0.313071 0.306018 0.007053
994.535034 0.313166 0.306102 0.007064
993.424072 0.313261 0.306191 0.007070
992.313049 0.313360 0.306282 0.007078
991.202026 0.313452 0.306365 0.007087
990.091065 0.313548 0.306445 0.007102
988.980041 0.313645 0.306540 0.007106
987.869019 0.313736 0.306620 0.007116
986.758057 0.313821 0.306694 0.007127
985.647034 0.313911 0.306770 0.007141
984.536072 0.314004 0.306848 0.007156
983.425049 0.314092 0.306920 0.007172
982.314026 0.314182 0.307003 0.007179
981.203064 0.314271 0.307084 0.007187
980.092041 0.314363 0.307169 0.007195
978.981018 0.314444 0.307236 0.007208
977.870056 0.314527 0.307304 0.007222
976.759033 0.314593 0.307362 0.007230
975.648071 0.314660 0.307411 0.007250
974.537048 0.314748 0.307488 0.007260
973.426025 0.314831 0.307553 0.007277
972.315063 0.314905 0.307605 0.007300
971.204041 0.314982 0.307659 0.007323
970.093079 0.315047 0.307708 0.007339
968.982056 0.315117 0.307751 0.007366
967.871033 0.315191 0.307808 0.007383
966.760071 0.315256 0.307845 0.007411
965.649048 0.315332 0.307894 0.007438
964.538025 0.315403 0.307940 0.007463
963.427063 0.315469 0.307985 0.007484
962.316040 0.315531 0.308028 0.007502
961.205078 0.315591 0.308068 0.007523
960.094055 0.315653 0.308097 0.007556
958.983032 0.315710 0.308129 0.007582
957.872070 0.315760 0.308157 0.007604
956.761047 0.315825 0.308189 0.007636
955.650024 0.315880 0.308208 0.007671
954.539063 0.315944 0.308245 0.007699
953.428040 0.316007 0.308277 0.007729
952.317078 0.316058 0.308286 0.007772
951.206055 0.316114 0.308312 0.007802
950.095032 0.316168 0.308342 0.007826
948.984070 0.316217 0.308371 0.007845
947.873047 0.316267 0.308380 0.007887
946.762024 0.316322 0.308401 0.007921
945.651062 0.316378 0.308418 0.007959
944.540039 0.316420 0.308427 0.007993
943.429077 0.316466 0.308445 0.008021
942.318054 0.316520 0.308460 0.008060
941.207031 0.316568 0.308478 0.008090
940.096069 0.316625 0.308490 0.008136
938.985046 0.316680 0.308508 0.008172
937.874023 0.316735 0.308535 0.008199
936.763062 0.316794 0.308561 0.008233
935.652039 0.316853 0.308579 0.008274
934.541077 0.316911 0.308612 0.008299
933.430054 0.316960 0.308626 0.008334
932.319031 0.317015 0.308652 0.008362
931.208069 0.317067 0.308676 0.008391
930.097046 0.317120 0.308701 0.008419
928.986023 0.317176 0.308725 0.008451
927.875061 0.317241 0.308749 0.008492
926.764038 0.317305 0.308770 0.008536
925.653076 0.317380 0.308807 0.008573
924.542053 0.317450 0.308844 0.008606
923.431030 0.317510 0.308869 0.008641
922.320068 0.317589 0.308910 0.008679
921.209045 0.317656 0.308943 0.008714
920.098022 0.317724 0.308982 0.008742
918.987060 0.317788 0.308997 0.008790
917.876038 0.317847 0.309031 0.008817
916.765076 0.317908 0.309052 0.008856
915.654053 0.317975 0.309088 0.008887
914.543030 0.318047 0.309127 0.008920
913.432068 0.318116 0.309163 0.008953
912.321045 0.318193 0.309199 0.008993
911.210022 0.318279 0.309256 0.009024
910.099060 0.318362 0.309296 0.009066
908.988037 0.318385 0.309066 0.009319
907.877075 0.318322 0.309797 0.008525
906.766052 0.318235 0.308670 0.009565
905.655029 0.318560 0.308394 0.010167
904.544067 0.318655 0.309174 0.009480
903.433044 0.318719 0.308961 0.009758
902.322082 0.319435 0.310058 0.009377
901.211060 0.319264 0.310251 0.009013
900.100037 0.319173 0.309725 0.009448
898.989075 0.319397 0.309909 0.009488
897.878052 0.319318 0.310263 0.009055
896.767029 0.320006 0.310694 0.009312
895.656067 0.320223 0.310946 0.009277
894.545044 0.320589 0.311799 0.008790
893.434082 0.320698 0.311919 0.008778
892.323059 0.320631 0.311652 0.008979
891.212036 0.320907 0.312308 0.008599
890.101074 0.321126 0.312610 0.008516
888.990051 0.320962 0.312469 0.008494
887.879028 0.321203 0.312753 0.008450
886.768066 0.321556 0.313128 0.008428
885.657043 0.321845 0.312706 0.009139
884.546082 0.322150 0.313783 0.008367
883.435059 0.322214 0.314352 0.007862
882.324036 0.322120 0.313511 0.008609
881.213074 0.322322 0.313846 0.008475
880.102051 0.321883 0.312915 0.008968
878.991028 0.322213 0.313003 0.009209
877.880066 0.322518 0.313647 0.008871
876.769043 0.322613 0.313754 0.008859
875.658081 0.323013 0.313714 0.009299
874.547058 0.322532 0.313478 0.009055
873.436035 0.322544 0.313404 0.009140
872.325073 0.322474 0.312891 0.009583
871.214050 0.322626 0.312946 0.009680
870.103027 0.322975 0.313328 0.009647
868.992065 0.322938 0.312843 0.010094
867.881043 0.322906 0.312715 0.010191
866.770081 0.323297 0.312982 0.010314
865.659058 0.323296 0.312951 0.010345
864.548035 0.323264 0.313100 0.010164
863.437073 0.323426 0.313075 0.010351
862.326050 0.323454 0.313339 0.010115
861.215027 0.323403 0.313294 0.010108
860.104065 0.323682 0.313554 0.010128
858.993042 0.323728 0.313682 0.010046
857.882080 0.323757 0.313754 0.010002
856.771057 0.323955 0.313776 0.010179
855.660034 0.324079 0.313880 0.010199
854.549072 0.324101 0.313803 0.010298
853.438049 0.324118 0.313777 0.010341
852.327026 0.324286 0.313870 0.010416
851.216065 0.324390 0.313923 0.010467
850.105041 0.324436 0.313817 0.010619
848.994080 0.324521 0.313894 0.010627
847.883057 0.324548 0.313963 0.010586
846.772034 0.324686 0.314059 0.010628
845.661072 0.324877 0.314189 0.010688
844.550049 0.324983 0.314276 0.010707
843.439026 0.325083 0.314249 0.010834
842.328064 0.325185 0.314282 0.010903
841.217041 0.325254 0.314330 0.010925
840.106079 0.325441 0.314404 0.011037
838.995056 0.325500 0.314408 0.011092
837.884033 0.325642 0.314472 0.011170
836.773071 0.325772 0.314517 0.011255
835.662048 0.325895 0.314583 0.011312
834.551025 0.325926 0.314535 0.011392
833.440063 0.326024 0.314608 0.011416
832.329041 0.326099 0.314681 0.011418
831.218079 0.326182 0.314679 0.011503
830.107056 0.326230 0.314695 0.011535
828.996033 0.326356 0.314784 0.011571
827.885071 0.326460 0.314833 0.011626
826.774048 0.326528 0.314875 0.011653
825.663086 0.326653 0.314952 0.011700
824.552063 0.326750 0.315001 0.011750
823.441040 0.326796 0.314980 0.011815
822.330078 0.326883 0.315009 0.011874
821.219055 0.326963 0.315051 0.011912
820.108032 0.327033 0.315062 0.011971
818.997070 0.327056 0.315031 0.012024
817.886047 0.327154 0.315075 0.012079
816.775085 0.327253 0.315147 0.012106
815.664063 0.327330 0.315206 0.012124
814.553040 0.327403 0.315252 0.012151
813.442078 0.327519 0.315317 0.012201
812.331055 0.327648 0.315393 0.012255
811.220032 0.327733 0.315404 0.012329
810.109070 0.327861 0.315487 0.012374
808.998047 0.327862 0.315443 0.012419
807.887085 0.327835 0.315350 0.012485
806.776062 0.327819 0.315314 0.012505
805.665039 0.327804 0.315296 0.012508
804.554077 0.327746 0.315117 0.012629
803.443054 0.327729 0.315111 0.012617
802.332031 0.327611 0.314920 0.012691
801.221069 0.327573 0.314866 0.012707
800.110046 0.327519 0.314862 0.012657
798.999084 0.327448 0.314713 0.012735
797.888000 0.327476 0.314663 0.012813
796.776978 0.327480 0.314692 0.012788
795.666016 0.327435 0.314600 0.012836
794.554993 0.327415 0.314541 0.012875
793.444031 0.327400 0.314503 0.012896
792.333008 0.327316 0.314346 0.012970
791.221985 0.327294 0.314233 0.013061
790.111023 0.327279 0.314216 0.013063
789.000000 0.327218 0.314127 0.013091
787.888977 0.327162 0.313973 0.013189
786.778015 0.327223 0.313987 0.013235
785.666992 0.327396 0.314170 0.013227
784.556030 0.327511 0.314213 0.013298
783.445007 0.327635 0.314284 0.013350
782.333984 0.327784 0.314416 0.013368
781.223022 0.327852 0.314384 0.013468
780.112000 0.328074 0.314588 0.013486
779.000977 0.328220 0.314630 0.013590
777.890015 0.328336 0.314653 0.013683
776.778992 0.328457 0.314757 0.013700
775.668030 0.328544 0.314813 0.013731
774.557007 0.328637 0.314794 0.013843
773.445984 0.328752 0.314859 0.013893
772.335022 0.328913 0.314935 0.013979
771.223999 0.329058 0.315007 0.014051
770.112976 0.329259 0.315164 0.014095
769.002014 0.329372 0.315275 0.014097
767.890991 0.329500 0.315307 0.014193
766.780029 0.329616 0.315400 0.014217
765.669006 0.329721 0.315486 0.014234
764.557983 0.329856 0.315574 0.014282
763.447022 0.329904 0.315552 0.014352
762.335998 0.329982 0.315603 0.014378
761.224976 0.330063 0.315621 0.014441
760.114014 0.330171 0.315713 0.014459
759.002991 0.330286 0.315772 0.014515
757.892029 0.330350 0.315766 0.014584
756.781006 0.330465 0.315866 0.014599
755.669983 0.330652 0.315968 0.014684
754.559021 0.330856 0.316101 0.014754
753.447998 0.330948 0.316156 0.014792
752.336975 0.331121 0.316248 0.014873
751.226013 0.331245 0.316316 0.014930
750.114990 0.331346 0.316370 0.014976
749.004028 0.331464 0.316424 0.015039
747.893005 0.331557 0.316469 0.015088
746.781982 0.331691 0.316519 0.015172
745.671021 0.331833 0.316603 0.015230
744.559998 0.331973 0.316661 0.015312
743.448975 0.332138 0.316759 0.015379
742.338013 0.332257 0.316796 0.015461
741.226990 0.332396 0.316842 0.015554
740.116028 0.332492 0.316835 0.015657
739.005005 0.332624 0.316878 0.015747
737.893982 0.332801 0.316983 0.015818
736.783020 0.332989 0.317127 0.015862
735.671997 0.333130 0.317210 0.015921
734.560974 0.333272 0.317274 0.015998
733.450012 0.333425 0.317353 0.016073
732.338989 0.333519 0.317381 0.016138
731.228027 0.333671 0.317439 0.016232
730.117004 0.333807 0.317516 0.016291
729.005981 0.333954 0.317584 0.016370
727.895019 0.334122 0.317691 0.016431
726.783997 0.334279 0.317778 0.016501
725.673035 0.334438 0.317852 0.016586
724.562012 0.334585 0.317928 0.016658
723.450989 0.334710 0.317986 0.016724
722.340027 0.334900 0.318095 0.016805
721.229004 0.335044 0.318149 0.016895
720.117981 0.335217 0.318256 0.016961
719.007019 0.335400 0.318354 0.017046
717.895996 0.335595 0.318472 0.017123
716.785034 0.335770 0.318568 0.017202
715.674011 0.335914 0.318618 0.017296
714.562988 0.336081 0.318690 0.017391
713.452026 0.336259 0.318799 0.017460
712.341003 0.336418 0.318859 0.017558
711.229981 0.336551 0.318929 0.017622
710.119019 0.336742 0.319041 0.017702
709.007996 0.336889 0.319102 0.017787
707.897034 0.337059 0.319188 0.017870
706.786011 0.337253 0.319328 0.017925
705.674988 0.337383 0.319356 0.018027
704.564026 0.337550 0.319447 0.018103
703.453003 0.337711 0.319524 0.018187
702.341980 0.337870 0.319597 0.018273
701.231018 0.338031 0.319669 0.018362
700.119995 0.338196 0.319754 0.018442
699.009033 0.338393 0.319878 0.018515
697.898010 0.338579 0.319973 0.018606
696.786987 0.338751 0.320057 0.018694
695.676025 0.338947 0.320164 0.018783
694.565002 0.339138 0.320283 0.018855
693.453979 0.339325 0.320378 0.018947
692.343018 0.339496 0.320461 0.019034
691.231995 0.339638 0.320515 0.019122
690.121033 0.339815 0.320599 0.019216
689.010010 0.340005 0.320689 0.019317
687.898987 0.340192 0.320784 0.019408
686.788025 0.340429 0.320934 0.019494
685.677002 0.340631 0.321047 0.019584
684.565979 0.340828 0.321142 0.019686
683.455017 0.341025 0.321254 0.019771
682.343994 0.341228 0.321337 0.019892
681.233032 0.341435 0.321461 0.019975
680.122009 0.341637 0.321569 0.020068
679.010986 0.341866 0.321696 0.020171
677.900024 0.342064 0.321803 0.020261
676.789002 0.342266 0.321912 0.020354
675.677978 0.342492 0.322025 0.020467
674.567017 0.342696 0.322127 0.020568
673.455994 0.342907 0.322246 0.020661
672.345032 0.343119 0.322360 0.020759
671.234009 0.343323 0.322455 0.020868
670.122986 0.343568 0.322594 0.020974
669.012024 0.343814 0.322732 0.021082
667.901001 0.344048 0.322871 0.021177
666.789978 0.344253 0.322970 0.021283
665.679016 0.344477 0.323092 0.021385
664.567993 0.344690 0.323212 0.021478
663.457031 0.344905 0.323320 0.021585
662.346008 0.345117 0.323416 0.021701
661.234985 0.345373 0.323566 0.021808
660.124023 0.345604 0.323695 0.021909
659.013000 0.345846 0.323819 0.022026
657.901978 0.346047 0.323912 0.022135
656.791016 0.346287 0.324030 0.022256
655.679993 0.346532 0.324164 0.022368
654.569031 0.346758 0.324266 0.022492
653.458008 0.346975 0.324376 0.022599
652.346985 0.347231 0.324514 0.022717
651.236023 0.347460 0.324625 0.022835
650.125000 0.347727 0.324781 0.022945
649.014038 0.347960 0.324903 0.023056
647.903015 0.348181 0.325009 0.023172
646.791992 0.348420 0.325128 0.023292
645.681030 0.348653 0.325229 0.023424
644.570007 0.348900 0.325357 0.023542
643.458984 0.349134 0.325468 0.023667
642.348022 0.349377 0.325580 0.023797
641.237000 0.349635 0.325707 0.023928
640.126038 0.349896 0.325852 0.024045
639.015015 0.350111 0.325941 0.024170
637.903992 0.350340 0.326047 0.024293
636.793030 0.350592 0.326170 0.024422
635.682007 0.350887 0.326327 0.024560
634.570984 0.351133 0.326444 0.024689
633.460022 0.351399 0.326562 0.024837
632.348999 0.351679 0.326717 0.024962
631.238037 0.351913 0.326809 0.025104
630.127014 0.352149 0.326916 0.025232
629.015991 0.352386 0.327010 0.025376
627.905029 0.352603 0.327075 0.025528
626.794006 0.352876 0.327211 0.025665
625.682983 0.353114 0.327313 0.025801
624.572022 0.353374 0.327438 0.025936
623.460998 0.353607 0.327536 0.026071
622.350037 0.353860 0.327648 0.026212
621.239014 0.354098 0.327746 0.026352
620.127991 0.354320 0.327817 0.026502
619.017029 0.354548 0.327910 0.026638
617.906006 0.354769 0.327991 0.026778
616.794983 0.355046 0.328123 0.026923
615.684021 0.355275 0.328210 0.027065
614.572998 0.355488 0.328277 0.027211
613.462036 0.355704 0.328353 0.027351
612.351013 0.355928 0.328426 0.027501
611.239990 0.356159 0.328514 0.027645
610.129028 0.356380 0.328588 0.027792
609.018005 0.356640 0.328713 0.027928
607.906982 0.356892 0.328816 0.028076
606.796021 0.357137 0.328922 0.028215
605.684998 0.357364 0.329009 0.028355
604.574036 0.357617 0.329103 0.028514
603.463013 0.357870 0.329201 0.028670
602.351990 0.358149 0.329309 0.028840
601.241028 0.358455 0.329456 0.028999
600.130005 0.358735 0.329578 0.029158
599.018982 0.359037 0.329706 0.029330
597.908020 0.359353 0.329874 0.029479
596.796997 0.359665 0.330004 0.029661
595.686035 0.359993 0.330146 0.029847
594.575012 0.360286 0.330268 0.030018
593.463989 0.360611 0.330408 0.030203
592.353027 0.360942 0.330568 0.030374
591.242004 0.361287 0.330742 0.030545
590.130981 0.361637 0.330921 0.030715
589.020019 0.361959 0.331055 0.030904
587.908997 0.362319 0.331231 0.031088
586.798035 0.362664 0.331385 0.031280
585.687012 0.362997 0.331541 0.031455
584.575989 0.363378 0.331731 0.031647
583.465027 0.363786 0.331935 0.031851
582.354004 0.364134 0.332076 0.032058
581.243042 0.364500 0.332253 0.032247
580.132019 0.364885 0.332454 0.032431
579.020996 0.365261 0.332617 0.032644
577.910034 0.365588 0.332739 0.032849
576.799011 0.365960 0.332929 0.033031
575.687988 0.366333 0.333084 0.033249
574.577026 0.366705 0.333241 0.033464
573.466003 0.367075 0.333417 0.033658
572.355041 0.367432 0.333569 0.033863
571.244019 0.367823 0.333745 0.034077
570.132996 0.368211 0.333933 0.034278
569.022034 0.368577 0.334084 0.034493
567.911011 0.368972 0.334265 0.034707
566.799988 0.369392 0.334491 0.034901
565.689026 0.369719 0.334597 0.035122
564.578003 0.370115 0.334782 0.035333
563.467041 0.370470 0.334898 0.035573
562.356018 0.370829 0.335021 0.035808
561.244995 0.371182 0.335152 0.036030
560.134033 0.371554 0.335332 0.036222
559.023010 0.371921 0.335458 0.036463
557.911987 0.372238 0.335557 0.036681
556.801025 0.372600 0.335710 0.036890
555.690002 0.373014 0.335900 0.037114
554.579041 0.373377 0.336026 0.037352
553.468018 0.373750 0.336165 0.037586
552.356995 0.374119 0.336330 0.037789
551.246033 0.374480 0.336451 0.038028
550.135010 0.374880 0.336610 0.038269
549.023987 0.375256 0.336746 0.038510
547.913025 0.375639 0.336861 0.038778
546.802002 0.376014 0.336986 0.039028
545.691040 0.376380 0.337102 0.039277
544.580017 0.376736 0.337193 0.039543
543.468994 0.377195 0.337416 0.039779
542.358032 0.377578 0.337523 0.040055
541.247009 0.378016 0.337697 0.040319
540.135986 0.378436 0.337892 0.040544
539.025024 0.378832 0.338018 0.040815
537.914002 0.379269 0.338159 0.041109
536.803040 0.379706 0.338340 0.041366
535.692017 0.380136 0.338475 0.041661
534.580994 0.380564 0.338643 0.041921
533.470032 0.380978 0.338781 0.042198
532.359009 0.381436 0.338964 0.042472
531.247986 0.381875 0.339125 0.042750
530.137024 0.382349 0.339317 0.043032
529.026001 0.382798 0.339479 0.043319
527.915039 0.383271 0.339661 0.043610
526.804016 0.383714 0.339817 0.043897
525.692993 0.384168 0.339999 0.044169
524.582031 0.384649 0.340192 0.044457
523.471008 0.385141 0.340386 0.044755
522.359985 0.385631 0.340581 0.045050
521.249023 0.386096 0.340724 0.045372
520.138000 0.386603 0.340952 0.045651
519.027039 0.387096 0.341144 0.045952
517.916016 0.387585 0.341296 0.046289
516.804993 0.388094 0.341505 0.046589
515.694031 0.388600 0.341718 0.046881
514.583008 0.389132 0.341940 0.047192
513.472046 0.389683 0.342186 0.047497
512.361023 0.390188 0.342352 0.047836
511.250030 0.390757 0.342597 0.048160
510.139008 0.391266 0.342779 0.048487
509.028015 0.391834 0.343015 0.048820
507.917023 0.392395 0.343215 0.049180
506.806030 0.392974 0.343436 0.049537
505.695007 0.393515 0.343627 0.049888
504.584015 0.394120 0.343882 0.050238
503.473023 0.394708 0.344118 0.050591
502.362030 0.395280 0.344332 0.050948
501.251007 0.395879 0.344559 0.051320
500.140015 0.396502 0.344801 0.051702
499.029022 0.397107 0.345038 0.052069
497.918030 0.397703 0.345257 0.052446
496.807007 0.398327 0.345511 0.052816
495.696014 0.398997 0.345784 0.053212
494.585022 0.399646 0.346031 0.053614
493.474029 0.400325 0.346307 0.054018
492.363007 0.400978 0.346571 0.054408
491.252014 0.401662 0.346857 0.054805
490.141022 0.402365 0.347151 0.055214
489.030029 0.403070 0.347455 0.055615
487.919006 0.403823 0.347789 0.056034
486.808014 0.404522 0.348065 0.056456
485.697022 0.405200 0.348334 0.056866
484.586029 0.405926 0.348654 0.057272
483.475006 0.406704 0.349008 0.057696
482.364014 0.407438 0.349304 0.058133
481.253021 0.408239 0.349651 0.058588
480.142029 0.409020 0.349988 0.059032
479.031006 0.409794 0.350314 0.059479
477.920013 0.410603 0.350676 0.059927
476.809021 0.411387 0.350998 0.060388
475.698029 0.412217 0.351342 0.060876
474.587006 0.413044 0.351691 0.061353
473.476013 0.413855 0.352034 0.061820
472.365021 0.414710 0.352393 0.062317
471.254028 0.415539 0.352715 0.062824
470.143005 0.416383 0.353060 0.063323
469.032013 0.417240 0.353401 0.063839
467.921020 0.418159 0.353806 0.064353
466.810028 0.419028 0.354148 0.064880
465.699005 0.419884 0.354476 0.065408
464.588013 0.420812 0.354870 0.065941
463.477020 0.421771 0.355296 0.066475
462.366028 0.422710 0.355685 0.067025
461.255005 0.423665 0.356080 0.067585
460.144012 0.424671 0.356531 0.068140
459.033020 0.425632 0.356923 0.068709
457.922028 0.426636 0.357324 0.069312
456.811005 0.427639 0.357758 0.069881
455.700012 0.428626 0.358168 0.070458
454.589020 0.429689 0.358650 0.071039
453.478027 0.430784 0.359139 0.071645
452.367004 0.431902 0.359642 0.072260
451.256012 0.433006 0.360139 0.072868
450.145019 0.434105 0.360641 0.073464
449.034027 0.435264 0.361165 0.074100
447.923004 0.436428 0.361667 0.074761
446.812012 0.437584 0.362162 0.075422
445.701019 0.438711 0.362638 0.076073
444.590027 0.439919 0.363160 0.076759
443.479004 0.441136 0.363710 0.077426
442.368012 0.442393 0.364257 0.078137
441.257019 0.443665 0.364810 0.078855
440.146027 0.444991 0.365439 0.079552
439.035034 0.446270 0.366001 0.080269
437.924011 0.447611 0.366609 0.081002
436.813019 0.449052 0.367327 0.081725
435.702026 0.450471 0.367992 0.082479
434.591034 0.451954 0.368685 0.083269
433.480011 0.453443 0.369411 0.084032
432.369019 0.454999 0.370138 0.084861
431.258026 0.456497 0.370823 0.085674
430.147034 0.457992 0.371476 0.086516
429.036011 0.459566 0.372228 0.087337
427.925018 0.461186 0.372973 0.088213
426.814026 0.462876 0.373810 0.089066
425.703033 0.464575 0.374580 0.089996
424.592011 0.466317 0.375412 0.090906
423.481018 0.468187 0.376371 0.091816
422.370026 0.469998 0.377278 0.092721
421.259033 0.471888 0.378179 0.093709
420.148010 0.473782 0.379107 0.094674
419.037018 0.475722 0.379998 0.095725
417.926025 0.477631 0.380887 0.096744
416.815033 0.479685 0.381895 0.097790
415.704010 0.481777 0.382943 0.098833
414.593018 0.483834 0.383913 0.099922
413.482025 0.485975 0.384985 0.100990
412.371033 0.488236 0.386129 0.102107
411.260010 0.490571 0.387299 0.103273
410.149017 0.492869 0.388495 0.104374
409.038025 0.495277 0.389704 0.105573
407.927032 0.497772 0.391000 0.106771
406.816010 0.500275 0.392229 0.108046
405.705017 0.502936 0.393586 0.109351
404.594025 0.505592 0.394892 0.110699
403.483032 0.508361 0.396348 0.112013
402.372009 0.511249 0.397899 0.113350
401.261017 0.514177 0.399416 0.114761
400.150024 0.517230 0.400995 0.116236
399.039032 0.520367 0.402676 0.117691
397.928009 0.523645 0.404436 0.119209
396.817017 0.527032 0.406305 0.120726
395.706024 0.530611 0.408257 0.122354
394.595032 0.534290 0.410242 0.124048
393.484009 0.538079 0.412300 0.125779
392.373016 0.542008 0.414450 0.127558
391.262024 0.546143 0.416773 0.129370
390.151031 0.550305 0.419086 0.131219
389.040008 0.554653 0.421511 0.133142
387.929016 0.559195 0.424001 0.135194
386.818024 0.563911 0.426668 0.137243
385.707031 0.568637 0.429295 0.139343
384.596008 0.573522 0.432083 0.141439
383.485016 0.578328 0.434687 0.143641
382.374023 0.583163 0.437405 0.145757
381.263031 0.588067 0.440192 0.147875
380.152008 0.592720 0.442630 0.150090
379.041016 0.597368 0.445103 0.152265
377.930023 0.601754 0.447342 0.154412
376.819031 0.605968 0.449320 0.156648
375.708008 0.609925 0.451149 0.158776
374.597015 0.613572 0.452801 0.160771
373.486023 0.616861 0.454064 0.162797
372.375030 0.619645 0.454931 0.164714
371.264038 0.622090 0.455604 0.166486
370.153015 0.624059 0.455954 0.168105
369.042023 0.625681 0.455918 0.169763
367.931030 0.626918 0.455603 0.171316
366.820038 0.627747 0.454963 0.172784
365.709015 0.628180 0.454102 0.174078
364.598023 0.628044 0.452717 0.175327
363.487030 0.627826 0.451405 0.176420
362.376038 0.627113 0.449523 0.177590
361.265015 0.626251 0.447652 0.178599
360.154022 0.625243 0.445547 0.179696
359.043030 0.624053 0.443213 0.180839
357.932037 0.621424 0.440176 0.181248
356.821014 0.618233 0.436663 0.181570
355.710022 0.615832 0.433788 0.182044
354.599029 0.614419 0.431812 0.182607
353.488037 0.612595 0.429425 0.183170
352.377014 0.609997 0.425810 0.184187
351.266022 0.607774 0.422716 0.185058
350.155029 0.606403 0.420376 0.186027
349.044037 0.604476 0.417683 0.186793
347.933014 0.603071 0.415340 0.187731
346.822022 0.601738 0.413337 0.188401
345.711029 0.600999 0.411927 0.189072
344.600037 0.600102 0.409846 0.190255
343.489014 0.598435 0.407058 0.191376
342.378021 0.597602 0.405364 0.192238
341.267029 0.597684 0.404118 0.193566
340.156036 0.597595 0.402707 0.194888
339.045013 0.596852 0.400903 0.195949
337.934021 0.596423 0.399162 0.197262
336.823029 0.596534 0.397760 0.198774
335.712036 0.598493 0.397946 0.200547
334.601013 0.600408 0.397865 0.202543
333.490021 0.601569 0.396893 0.204677
332.379028 0.601633 0.395298 0.206334
331.268036 0.602604 0.394508 0.208096
330.157013 0.605020 0.395088 0.209932
329.046020 0.605968 0.394327 0.211641
327.935028 0.606689 0.393193 0.213496
326.824036 0.608583 0.392632 0.215950
325.713013 0.610425 0.392204 0.218221
324.602020 0.612372 0.392019 0.220353
323.491028 0.613527 0.390307 0.223219
322.380035 0.615264 0.390025 0.225239
321.269012 0.618624 0.390907 0.227716
320.158020 0.621072 0.390568 0.230504
319.047028 0.622808 0.389569 0.233240
317.936035 0.624832 0.388755 0.236077
316.825012 0.627847 0.388398 0.239449
315.714020 0.631451 0.389056 0.242395
314.603027 0.634448 0.389165 0.245283
313.492035 0.637217 0.388717 0.248500
312.381012 0.640456 0.388281 0.252175
311.270019 0.644221 0.388478 0.255744
310.159027 0.648898 0.389257 0.259640
309.048035 0.653388 0.389979 0.263409
307.937012 0.657661 0.390152 0.267509
306.826019 0.663308 0.391630 0.271678
305.715027 0.669415 0.393516 0.275899
304.604034 0.675960 0.395562 0.280399
303.493012 0.682547 0.397495 0.285052
302.382019 0.689274 0.398693 0.290581
301.271027 0.697156 0.401466 0.295691
300.160034 0.705430 0.403910 0.301519
299.049042 0.713293 0.405878 0.307415
297.938019 0.721552 0.407996 0.313556
296.827026 0.729866 0.410268 0.319598
295.716034 0.738843 0.413362 0.325481
294.605042 0.747996 0.416638 0.331358
293.494019 0.756071 0.418204 0.337868
292.383026 0.764133 0.420000 0.344132
291.272034 0.771957 0.421353 0.350604
290.161041 0.780900 0.424142 0.356758
289.050018 0.789254 0.426272 0.362982
287.939026 0.796520 0.427179 0.369341
286.828033 0.803764 0.427577 0.376187
285.717041 0.811025 0.428640 0.382385
284.606018 0.818136 0.429527 0.388609
283.495026 0.824080 0.429379 0.394702
282.384033 0.829069 0.428999 0.400070
281.273041 0.833688 0.427821 0.405867
280.162018 0.838258 0.427337 0.410921
279.051025 0.841689 0.425771 0.415918
277.940033 0.843745 0.423162 0.420582
276.829041 0.845114 0.420322 0.424792
275.718018 0.846692 0.418240 0.428452
274.607025 0.847851 0.415714 0.432138
273.496033 0.848031 0.412407 0.435624
272.385040 0.847271 0.408367 0.438904
271.274017 0.846670 0.404783 0.441887
270.163025 0.845873 0.401064 0.444809
269.052032 0.844802 0.397416 0.447387
267.941040 0.842345 0.392492 0.449853
266.830017 0.839721 0.387802 0.451919
265.719025 0.837041 0.383178 0.453863
264.608032 0.834255 0.378921 0.455334
263.497040 0.830626 0.373605 0.457020
262.386017 0.826504 0.367804 0.458700
261.275024 0.822502 0.362564 0.459939
260.164032 0.818318 0.356669 0.461649
259.053040 0.814312 0.351321 0.462991
257.942017 0.809647 0.345112 0.464535
256.831024 0.805262 0.339711 0.465551
255.720032 0.801328 0.334647 0.466681
254.609024 0.797558 0.329698 0.467859
253.498032 0.793586 0.324112 0.469474
252.387024 0.789371 0.318468 0.470903
251.276031 0.785634 0.313099 0.472536
250.165024 0.782723 0.308455 0.474267
249.054031 0.780580 0.305773 0.474808
247.943024 0.778456 0.302997 0.475459
246.832031 0.776503 0.300154 0.476348
245.721024 0.774533 0.297457 0.477076
244.610031 0.772705 0.294718 0.477987
243.499023 0.771061 0.292211 0.478850
242.388031 0.768846 0.289002 0.479845
241.277023 0.767025 0.286692 0.480333
240.166031 0.765734 0.284717 0.481016
239.055023 0.764564 0.282261 0.482303
