1800.010010 0.400735 -0.035141 0.435876
1798.899048 0.400764 -0.035170 0.435934
1797.787964 0.400749 -0.035131 0.435880
1796.677002 0.400664 -0.035168 0.435832
1795.566040 0.400625 -0.035137 0.435762
1794.454956 0.400615 -0.035094 0.435709
1793.343994 0.400601 -0.035081 0.435681
1792.233032 0.400598 -0.035074 0.435673
1791.121948 0.400575 -0.035093 0.435668
1790.010986 0.400599 -0.035081 0.435680
1788.900024 0.400474 -0.035086 0.435560
1787.789063 0.400396 -0.035117 0.435513
1786.677979 0.400453 -0.035103 0.435557
1785.567017 0.400382 -0.035142 0.435525
1784.456055 0.400424 -0.035078 0.435502
1783.344971 0.400416 -0.034996 0.435412
1782.234009 0.400417 -0.034958 0.435374
1781.123047 0.400402 -0.034910 0.435312
1780.011963 0.400381 -0.034860 0.435241
1778.901001 0.400317 -0.034813 0.435130
1777.790039 0.400276 -0.034889 0.435165
1776.678955 0.400221 -0.034827 0.435049
1775.567993 0.400183 -0.034857 0.435040
1774.457031 0.400194 -0.034818 0.435012
1773.345947 0.400179 -0.034834 0.435014
1772.234985 0.400156 -0.034831 0.434987
1771.124023 0.400134 -0.034845 0.434979
1770.013062 0.400084 -0.034823 0.434907
1768.901978 0.400096 -0.034766 0.434861
1767.791016 0.400050 -0.034758 0.434807
1766.680054 0.400035 -0.034730 0.434765
1765.568970 0.400000 -0.034774 0.434774
1764.458008 0.399954 -0.034790 0.434745
1763.347046 0.399952 -0.034774 0.434726
1762.235962 0.399912 -0.034773 0.434684
1761.125000 0.399886 -0.034796 0.434682
1760.014038 0.399853 -0.034799 0.434652
1758.902954 0.399870 -0.034764 0.434634
1757.791992 0.399838 -0.034786 0.434624
1756.681030 0.399845 -0.034775 0.434619
1755.570068 0.399826 -0.034753 0.434578
1754.458984 0.399817 -0.034782 0.434599
1753.348022 0.399821 -0.034761 0.434582
1752.237061 0.399828 -0.034759 0.434586
1751.125977 0.399833 -0.034729 0.434563
1750.015015 0.399820 -0.034739 0.434559
1748.904053 0.399811 -0.034713 0.434524
1747.792969 0.399829 -0.034715 0.434544
1746.682007 0.399807 -0.034734 0.434541
1745.571045 0.399800 -0.034718 0.434518
1744.459961 0.399891 -0.034615 0.434506
1743.348999 0.400062 -0.034299 0.434360
1742.238037 0.400206 -0.033797 0.434003
1741.126953 0.400311 -0.033156 0.433466
1740.015991 0.400417 -0.032342 0.432759
1738.905029 0.400501 -0.031395 0.431896
1737.794067 0.400591 -0.030312 0.430903
1736.682983 0.400658 -0.029120 0.429778
1735.572021 0.400710 -0.027875 0.428585
1734.461060 0.400764 -0.026734 0.427498
1733.349976 0.400811 -0.025650 0.426461
1732.239014 0.400839 -0.024660 0.425499
1731.128052 0.400861 -0.023726 0.424588
1730.016968 0.400868 -0.022855 0.423723
1728.906006 0.400865 -0.022063 0.422928
1727.795044 0.400866 -0.021316 0.422182
1726.683960 0.400857 -0.020609 0.421467
1725.572998 0.400830 -0.019949 0.420779
1724.462036 0.400807 -0.019320 0.420126
1723.350952 0.400762 -0.018738 0.419500
1722.239990 0.400633 -0.018282 0.418915
1721.129028 0.400429 -0.018057 0.418486
1720.018066 0.400231 -0.018033 0.418264
1718.906982 0.400061 -0.018202 0.418263
1717.796021 0.399885 -0.018553 0.418438
1716.685059 0.399714 -0.019077 0.418791
1715.573975 0.399546 -0.019751 0.419298
1714.463013 0.399390 -0.020562 0.419952
1713.352051 0.399237 -0.021442 0.420679
1712.240967 0.399086 -0.022259 0.421345
1711.130005 0.398949 -0.023025 0.421974
1710.019043 0.398804 -0.023705 0.422509
1708.907959 0.398670 -0.024344 0.423014
1707.796997 0.398538 -0.024943 0.423481
1706.686035 0.398417 -0.025491 0.423908
1705.574951 0.398292 -0.026008 0.424300
1704.463989 0.398170 -0.026496 0.424667
1703.353027 0.398047 -0.026958 0.425004
1702.242065 0.397917 -0.027398 0.425316
1701.130981 0.397808 -0.027815 0.425623
1700.020020 0.397706 -0.028210 0.425916
1698.909058 0.397601 -0.028577 0.426178
1697.797974 0.397505 -0.028942 0.426447
1696.687012 0.397403 -0.029282 0.426685
1695.576050 0.397309 -0.029611 0.426920
1694.464966 0.397232 -0.029913 0.427145
1693.354004 0.397139 -0.030209 0.427348
1692.243042 0.397051 -0.030499 0.427550
1691.131958 0.396969 -0.030768 0.427736
1690.020996 0.396892 -0.031021 0.427913
1688.910034 0.396794 -0.031268 0.428061
1687.798950 0.396714 -0.031507 0.428221
1686.687988 0.396615 -0.031746 0.428361
1685.577026 0.396531 -0.031964 0.428495
1684.466064 0.396438 -0.032183 0.428621
1683.354980 0.396355 -0.032393 0.428748
1682.244019 0.396274 -0.032595 0.428869
1681.133057 0.396207 -0.032779 0.428986
1680.021973 0.396137 -0.032957 0.429094
1678.911011 0.396060 -0.033126 0.429185
1677.800049 0.395994 -0.033289 0.429283
1676.688965 0.395917 -0.033448 0.429366
1675.578003 0.395840 -0.033607 0.429447
1674.467041 0.395758 -0.033767 0.429525
1673.355957 0.395686 -0.033921 0.429607
1672.244995 0.395605 -0.034070 0.429675
1671.134033 0.395538 -0.034203 0.429741
1670.023071 0.395466 -0.034332 0.429798
1668.911987 0.395401 -0.034464 0.429865
1667.801025 0.395340 -0.034589 0.429929
1666.690063 0.395280 -0.034702 0.429982
1665.578979 0.395225 -0.034817 0.430042
1664.468018 0.395184 -0.034914 0.430098
1663.357056 0.395129 -0.035030 0.430159
1662.245972 0.395086 -0.035120 0.430206
1661.135010 0.395035 -0.035205 0.430241
1660.024048 0.394980 -0.035289 0.430270
1658.912964 0.394932 -0.035375 0.430307
1657.802002 0.394884 -0.035456 0.430340
1656.691040 0.394843 -0.035533 0.430376
1655.579956 0.394790 -0.035595 0.430386
1654.468994 0.394748 -0.035663 0.430411
1653.358032 0.394700 -0.035721 0.430421
1652.247070 0.394661 -0.035773 0.430434
1651.135986 0.394626 -0.035817 0.430443
1650.025024 0.394582 -0.035867 0.430449
1648.914063 0.394539 -0.035917 0.430456
1647.802979 0.394494 -0.035955 0.430449
1646.692017 0.394453 -0.035981 0.430434
1645.581055 0.394410 -0.036015 0.430425
1644.469971 0.394380 -0.036040 0.430420
1643.359009 0.394336 -0.036074 0.430410
1642.248047 0.394285 -0.036108 0.430394
1641.136963 0.394245 -0.036121 0.430366
1640.026001 0.394204 -0.036152 0.430356
1638.915039 0.394164 -0.036175 0.430338
1637.803955 0.394131 -0.036186 0.430316
1636.692993 0.394085 -0.036205 0.430290
1635.582031 0.394048 -0.036217 0.430265
1634.471069 0.394005 -0.036225 0.430230
1633.359985 0.393962 -0.036246 0.430208
1632.249023 0.393925 -0.036252 0.430177
1631.138062 0.393890 -0.036267 0.430157
1630.026978 0.393862 -0.036271 0.430133
1628.916016 0.393813 -0.036281 0.430094
1627.805054 0.393783 -0.036284 0.430066
1626.693970 0.393751 -0.036290 0.430041
1625.583008 0.393718 -0.036306 0.430024
1624.472046 0.393678 -0.036325 0.430003
1623.360962 0.393637 -0.036326 0.429963
1622.250000 0.393597 -0.036333 0.429930
1621.139038 0.393567 -0.036321 0.429888
1620.027954 0.393534 -0.036319 0.429853
1618.916992 0.393505 -0.036320 0.429825
1617.806030 0.393465 -0.036326 0.429790
1616.695068 0.393435 -0.036324 0.429759
1615.583984 0.393400 -0.036330 0.429730
1614.473022 0.393365 -0.036335 0.429700
1613.362061 0.393326 -0.036338 0.429664
1612.250977 0.393295 -0.036346 0.429641
1611.140015 0.393265 -0.036340 0.429606
1610.029053 0.393235 -0.036345 0.429581
1608.917969 0.393206 -0.036346 0.429551
1607.807007 0.393175 -0.036348 0.429524
1606.696045 0.393148 -0.036352 0.429500
1605.584961 0.393111 -0.036358 0.429469
1604.473999 0.393078 -0.036358 0.429436
1603.363037 0.393047 -0.036350 0.429397
1602.252075 0.393019 -0.036347 0.429366
1601.140991 0.392986 -0.036354 0.429340
1600.030029 0.392958 -0.036360 0.429319
1598.919067 0.392926 -0.036372 0.429298
1597.807983 0.392898 -0.036374 0.429272
1596.697021 0.392864 -0.036378 0.429242
1595.586060 0.392837 -0.036384 0.429221
1594.474976 0.392798 -0.036391 0.429189
1593.364014 0.392763 -0.036399 0.429162
1592.253052 0.392733 -0.036400 0.429132
1591.141968 0.392708 -0.036403 0.429111
1590.031006 0.392672 -0.036418 0.429090
1588.920044 0.392645 -0.036426 0.429071
1587.808960 0.392614 -0.036420 0.429034
1586.697998 0.392587 -0.036413 0.429000
1585.587036 0.392552 -0.036419 0.428971
1584.476074 0.392522 -0.036416 0.428938
1583.364990 0.392486 -0.036420 0.428906
1582.254028 0.392452 -0.036426 0.428878
1581.143066 0.392429 -0.036431 0.428859
1580.031982 0.392397 -0.036431 0.428829
1578.921021 0.392365 -0.036437 0.428802
1577.810059 0.392331 -0.036427 0.428758
1576.698975 0.392297 -0.036427 0.428724
1575.588013 0.392267 -0.036424 0.428691
1574.477051 0.392231 -0.036419 0.428650
1573.365967 0.392201 -0.036409 0.428610
1572.255005 0.392174 -0.036408 0.428582
1571.144043 0.392146 -0.036407 0.428553
1570.032959 0.392112 -0.036409 0.428521
1568.921997 0.392082 -0.036398 0.428480
1567.811035 0.392051 -0.036394 0.428446
1566.700073 0.392015 -0.036391 0.428406
1565.588989 0.391975 -0.036394 0.428370
1564.478027 0.391938 -0.036397 0.428335
1563.367065 0.391898 -0.036401 0.428299
1562.255981 0.391872 -0.036399 0.428271
1561.145020 0.391847 -0.036393 0.428240
1560.034058 0.391812 -0.036393 0.428205
1558.922974 0.391770 -0.036394 0.428165
1557.812012 0.391742 -0.036387 0.428129
1556.701050 0.391715 -0.036378 0.428093
1555.589966 0.391680 -0.036393 0.428073
1554.479004 0.391650 -0.036392 0.428042
1553.368042 0.391615 -0.036402 0.428018
1552.256958 0.391589 -0.036408 0.427997
1551.145996 0.391553 -0.036411 0.427964
1550.035034 0.391520 -0.036416 0.427937
1548.924072 0.391485 -0.036415 0.427899
1547.812988 0.391453 -0.036409 0.427862
1546.702026 0.391417 -0.036418 0.427835
1545.591064 0.391383 -0.036415 0.427798
1544.479980 0.391354 -0.036416 0.427770
1543.369019 0.391328 -0.036415 0.427742
1542.258057 0.391302 -0.036412 0.427714
1541.146973 0.391275 -0.036408 0.427684
1540.036011 0.391238 -0.036413 0.427651
1538.925049 0.391202 -0.036412 0.427614
1537.813965 0.391178 -0.036407 0.427585
1536.703003 0.391155 -0.036402 0.427557
1535.592041 0.391122 -0.036409 0.427531
1534.481079 0.391089 -0.036411 0.427500
1533.369995 0.391058 -0.036412 0.427470
1532.259033 0.391026 -0.036416 0.427442
1531.148071 0.390996 -0.036418 0.427414
1530.036987 0.390955 -0.036422 0.427377
1528.926025 0.390929 -0.036416 0.427345
1527.815063 0.390902 -0.036403 0.427305
1526.703979 0.390881 -0.036404 0.427284
1525.593018 0.390850 -0.036407 0.427257
1524.482056 0.390815 -0.036407 0.427222
1523.370972 0.390787 -0.036409 0.427195
1522.260010 0.390751 -0.036410 0.427162
1521.149048 0.390719 -0.036419 0.427138
1520.037964 0.390678 -0.036424 0.427102
1518.927002 0.390650 -0.036423 0.427073
1517.816040 0.390617 -0.036416 0.427033
1516.705078 0.390584 -0.036417 0.427001
1515.593994 0.390553 -0.036420 0.426973
1514.483032 0.390506 -0.036428 0.426934
1513.372070 0.390469 -0.036433 0.426902
1512.260986 0.390433 -0.036439 0.426873
1511.150024 0.390407 -0.036423 0.426830
1510.039063 0.390369 -0.036425 0.426794
1508.927979 0.390331 -0.036425 0.426757
1507.817017 0.390304 -0.036422 0.426726
1506.706055 0.390271 -0.036425 0.426696
1505.594971 0.390234 -0.036431 0.426665
1504.484009 0.390191 -0.036432 0.426623
1503.373047 0.390161 -0.036434 0.426595
1502.261963 0.390133 -0.036429 0.426562
1501.151001 0.390096 -0.036430 0.426527
1500.040039 0.390062 -0.036429 0.426491
1498.929077 0.390029 -0.036428 0.426457
1497.817993 0.390007 -0.036425 0.426432
1496.707031 0.389975 -0.036415 0.426390
1495.596069 0.389938 -0.036426 0.426365
1494.484985 0.389907 -0.036425 0.426332
1493.374023 0.389860 -0.036435 0.426295
1492.263062 0.389839 -0.036434 0.426273
1491.151978 0.389811 -0.036423 0.426233
1490.041016 0.389783 -0.036411 0.426194
1488.930054 0.389749 -0.036420 0.426169
1487.818970 0.389716 -0.036420 0.426136
1486.708008 0.389685 -0.036413 0.426098
1485.597046 0.389652 -0.036413 0.426064
1484.485962 0.389614 -0.036418 0.426032
1483.375000 0.389584 -0.036424 0.426008
1482.264038 0.389558 -0.036426 0.425984
1481.153076 0.389527 -0.036425 0.425952
1480.041992 0.389496 -0.036414 0.425910
1478.931030 0.389466 -0.036407 0.425873
1477.820068 0.389433 -0.036406 0.425839
1476.708984 0.389397 -0.036406 0.425803
1475.598022 0.389360 -0.036398 0.425758
1474.487061 0.389320 -0.036407 0.425728
1473.375977 0.389282 -0.036390 0.425673
1472.265015 0.389240 -0.036397 0.425637
1471.154053 0.389210 -0.036385 0.425595
1470.042969 0.389159 -0.036382 0.425541
1468.932007 0.389106 -0.036399 0.425505
1467.821045 0.389060 -0.036410 0.425470
1466.710083 0.389016 -0.036415 0.425431
1465.598999 0.388979 -0.036411 0.425389
1464.488037 0.388931 -0.036414 0.425346
1463.377075 0.388891 -0.036414 0.425305
1462.265991 0.388856 -0.036414 0.425270
1461.155029 0.388824 -0.036392 0.425217
1460.044067 0.388783 -0.036367 0.425151
1458.932983 0.388726 -0.036359 0.425085
1457.822021 0.388679 -0.036379 0.425058
1456.711060 0.388635 -0.036392 0.425028
1455.599976 0.388599 -0.036377 0.424975
1454.489014 0.388556 -0.036376 0.424931
1453.378052 0.388514 -0.036386 0.424900
1452.266968 0.388481 -0.036364 0.424845
1451.156006 0.388454 -0.036359 0.424813
1450.045044 0.388421 -0.036354 0.424775
1448.934082 0.388383 -0.036360 0.424743
1447.822998 0.388353 -0.036343 0.424695
1446.712036 0.388325 -0.036323 0.424648
1445.601074 0.388287 -0.036313 0.424600
1444.489990 0.388252 -0.036291 0.424543
1443.379028 0.388212 -0.036302 0.424514
1442.268066 0.388181 -0.036276 0.424457
1441.156982 0.388147 -0.036250 0.424397
1440.046021 0.388090 -0.036250 0.424340
1438.935059 0.388032 -0.036259 0.424291
1437.823975 0.387987 -0.036261 0.424248
1436.713013 0.387952 -0.036248 0.424200
1435.602051 0.387905 -0.036248 0.424154
1434.490967 0.387866 -0.036228 0.424094
1433.380005 0.387837 -0.036199 0.424035
1432.269043 0.387781 -0.036191 0.423972
1431.158081 0.387695 -0.036213 0.423909
1430.046997 0.387646 -0.036228 0.423874
1428.936035 0.387616 -0.036205 0.423821
1427.825073 0.387569 -0.036177 0.423747
1426.713989 0.387489 -0.036207 0.423696
1425.603027 0.387437 -0.036254 0.423691
1424.492065 0.387416 -0.036204 0.423620
1423.380981 0.387370 -0.036199 0.423569
1422.270020 0.387321 -0.036172 0.423494
1421.159058 0.387270 -0.036203 0.423473
1420.047974 0.387249 -0.036174 0.423423
1418.937012 0.387222 -0.036165 0.423388
1417.826050 0.387218 -0.036118 0.423335
1416.714966 0.387196 -0.036093 0.423288
1415.604004 0.387182 -0.036088 0.423269
1414.493042 0.387171 -0.035998 0.423170
1413.382080 0.387136 -0.035975 0.423111
1412.270996 0.387115 -0.036008 0.423122
1411.160034 0.387099 -0.035997 0.423096
1410.049072 0.387102 -0.035895 0.422997
1408.937988 0.387088 -0.035843 0.422932
1407.827026 0.387039 -0.035870 0.422908
1406.716064 0.387009 -0.035902 0.422911
1405.604980 0.387031 -0.035787 0.422818
1404.494019 0.387033 -0.035724 0.422758
1403.383057 0.386989 -0.035695 0.422684
1402.271973 0.386928 -0.035673 0.422601
1401.161011 0.386898 -0.035646 0.422544
1400.050049 0.386854 -0.035680 0.422533
1398.939087 0.386830 -0.035601 0.422431
1397.828003 0.386786 -0.035593 0.422379
1396.717041 0.386737 -0.035627 0.422364
1395.606079 0.386708 -0.035583 0.422291
1394.494995 0.386665 -0.035627 0.422292
1393.384033 0.386642 -0.035607 0.422249
1392.273071 0.386599 -0.035669 0.422267
1391.161987 0.386575 -0.035673 0.422248
1390.051025 0.386520 -0.035598 0.422118
1388.940063 0.386431 -0.035627 0.422058
1387.828979 0.386367 -0.035705 0.422072
1386.718018 0.386349 -0.035672 0.422021
1385.607056 0.386324 -0.035606 0.421931
1384.495972 0.386274 -0.035566 0.421840
1383.385010 0.386210 -0.035713 0.421923
1382.274048 0.386224 -0.035710 0.421935
1381.163086 0.386262 -0.035647 0.421909
1380.052002 0.386297 -0.035716 0.422014
1378.941040 0.386331 -0.035730 0.422061
1377.830078 0.386395 -0.035597 0.421992
1376.718994 0.386438 -0.035665 0.422104
1375.608032 0.386477 -0.035630 0.422107
1374.497070 0.386525 -0.035569 0.422094
1373.385986 0.386540 -0.035711 0.422252
1372.275024 0.386615 -0.035622 0.422236
1371.164063 0.386648 -0.035617 0.422265
1370.052979 0.386701 -0.035609 0.422310
1368.942017 0.386739 -0.035539 0.422278
1367.831055 0.386788 -0.035511 0.422299
1366.719971 0.386845 -0.035513 0.422358
1365.609009 0.386889 -0.035455 0.422344
1364.498047 0.386921 -0.035446 0.422368
1363.387085 0.386947 -0.035435 0.422382
1362.276001 0.386955 -0.035442 0.422397
1361.165039 0.386947 -0.035375 0.422322
1360.054077 0.386901 -0.035377 0.422278
1358.942993 0.386848 -0.035405 0.422253
1357.832031 0.386785 -0.035367 0.422151
1356.721069 0.386715 -0.035352 0.422067
1355.609985 0.386623 -0.035462 0.422086
1354.499023 0.386544 -0.035377 0.421921
1353.388062 0.386449 -0.035435 0.421885
1352.276978 0.386353 -0.035453 0.421806
1351.166016 0.386267 -0.035354 0.421621
1350.055054 0.386140 -0.035394 0.421534
1348.943970 0.386024 -0.035404 0.421428
1347.833008 0.385916 -0.035417 0.421333
1346.722046 0.385834 -0.035448 0.421282
1345.611084 0.385745 -0.035481 0.421226
1344.500000 0.385659 -0.035473 0.421132
1343.389038 0.385576 -0.035524 0.421100
1342.278076 0.385503 -0.035547 0.421050
1341.166992 0.385442 -0.035558 0.421000
1340.056030 0.385376 -0.035557 0.420933
1338.945068 0.385310 -0.035586 0.420896
1337.833984 0.385258 -0.035575 0.420833
1336.723022 0.385214 -0.035571 0.420785
1335.612061 0.385164 -0.035586 0.420750
1334.500977 0.385122 -0.035581 0.420703
1333.390015 0.385084 -0.035571 0.420655
1332.279053 0.385044 -0.035586 0.420630
1331.167969 0.385022 -0.035576 0.420598
1330.057007 0.384984 -0.035585 0.420569
1328.946045 0.384946 -0.035583 0.420529
1327.835083 0.384921 -0.035574 0.420495
1326.723999 0.384884 -0.035574 0.420458
1325.613037 0.384848 -0.035574 0.420422
1324.502075 0.384811 -0.035579 0.420390
1323.390991 0.384772 -0.035588 0.420360
1322.280029 0.384742 -0.035582 0.420323
1321.169067 0.384718 -0.035576 0.420293
1320.057983 0.384686 -0.035578 0.420264
1318.947021 0.384648 -0.035584 0.420232
1317.836060 0.384622 -0.035581 0.420203
1316.724976 0.384603 -0.035569 0.420172
1315.614014 0.384568 -0.035575 0.420143
1314.503052 0.384537 -0.035578 0.420115
1313.392090 0.384513 -0.035565 0.420078
1312.281006 0.384482 -0.035568 0.420050
1311.170044 0.384447 -0.035577 0.420024
1310.059082 0.384419 -0.035576 0.419995
1308.947998 0.384378 -0.035583 0.419960
1307.837036 0.384348 -0.035579 0.419927
1306.726074 0.384317 -0.035581 0.419898
1305.614990 0.384282 -0.035583 0.419865
1304.504028 0.384263 -0.035573 0.419835
1303.393066 0.384240 -0.035565 0.419806
1302.281982 0.384201 -0.035567 0.419769
1301.171021 0.384169 -0.035570 0.419738
1300.060059 0.384132 -0.035576 0.419708
1298.948975 0.384092 -0.035578 0.419670
1297.838013 0.384044 -0.035584 0.419628
1296.727051 0.384008 -0.035582 0.419590
1295.616089 0.383970 -0.035579 0.419549
1294.505005 0.383934 -0.035586 0.419520
1293.394043 0.383895 -0.035588 0.419483
1292.283081 0.383857 -0.035579 0.419435
1291.171997 0.383813 -0.035584 0.419397
1290.061035 0.383774 -0.035583 0.419357
1288.950073 0.383738 -0.035574 0.419312
1287.838989 0.383684 -0.035579 0.419263
1286.728027 0.383638 -0.035583 0.419220
1285.617065 0.383596 -0.035587 0.419183
1284.505981 0.383560 -0.035582 0.419142
1283.395020 0.383513 -0.035587 0.419101
1282.284058 0.383466 -0.035592 0.419058
1281.172974 0.383186 -0.035596 0.418782
1280.062012 0.382903 -0.035601 0.418504
1278.951050 0.382609 -0.035590 0.418200
1277.840088 0.382312 -0.035570 0.417882
1276.729004 0.382001 -0.035566 0.417567
1275.618042 0.381688 -0.035569 0.417256
1274.507080 0.381361 -0.035564 0.416925
1273.395996 0.381012 -0.035570 0.416582
1272.285034 0.380659 -0.035555 0.416214
1271.174072 0.380297 -0.035548 0.415846
1215.624023 0.379914 -0.035554 0.415468
1214.513062 0.379526 -0.035552 0.415079
1213.401978 0.379121 -0.035552 0.414673
1212.291016 0.378702 -0.035542 0.414244
1211.180054 0.378260 -0.035548 0.413808
1210.069092 0.377809 -0.035538 0.413347
1208.958008 0.377341 -0.035534 0.412875
1207.847046 0.376858 -0.035535 0.412393
1206.736084 0.376351 -0.035536 0.411887
1205.625000 0.375818 -0.035538 0.411356
1204.514038 0.375494 -0.035537 0.411031
1203.403076 0.375164 -0.035529 0.410693
1202.291992 0.374817 -0.035533 0.410351
1201.181030 0.374446 -0.035547 0.409992
1200.070068 0.374062 -0.035540 0.409603
1198.958984 0.373658 -0.035532 0.409190
1197.848022 0.373222 -0.035534 0.408756
1196.737061 0.372769 -0.035533 0.408302
1195.625977 0.372278 -0.035540 0.407819
1194.515015 0.371765 -0.035529 0.407295
1193.404053 0.371201 -0.035526 0.406727
1192.293091 0.370581 -0.035519 0.406100
1191.182007 0.369888 -0.035516 0.405405
1190.071045 0.369081 -0.035521 0.404601
1188.960083 0.368118 -0.035496 0.403614
1187.848999 0.366901 -0.035488 0.402390
1186.738037 0.365439 -0.035463 0.400902
1185.627075 0.363710 -0.035428 0.399138
1184.515991 0.361774 -0.035367 0.397141
1183.405029 0.359639 -0.035292 0.394931
1182.294067 0.357322 -0.035214 0.392535
1181.182983 0.354830 -0.035125 0.389955
1180.072021 0.352199 -0.035012 0.387211
1178.961060 0.349425 -0.034895 0.384320
1177.850098 0.346498 -0.034779 0.381277
1176.739014 0.343438 -0.034652 0.378089
1175.628052 0.340262 -0.034507 0.374769
1174.517090 0.336959 -0.034358 0.371317
1173.406006 0.333534 -0.034205 0.367739
1172.295044 0.329999 -0.034035 0.364034
1171.184082 0.326368 -0.033854 0.360222
1170.072998 0.322642 -0.033672 0.356313
1168.962036 0.318853 -0.033474 0.352327
1167.851074 0.315044 -0.033268 0.348311
1166.739990 0.311269 -0.033070 0.344339
1165.629028 0.307613 -0.032862 0.340474
1164.518066 0.304076 -0.032665 0.336741
1163.406982 0.300681 -0.032467 0.333148
1162.296021 0.297382 -0.032274 0.329656
1161.185059 0.294172 -0.032103 0.326275
1160.074097 0.291033 -0.031939 0.322972
1158.963013 0.287962 -0.031790 0.319752
1157.852051 0.284940 -0.031642 0.316582
1156.741089 0.281962 -0.031497 0.313459
1155.630005 0.279048 -0.031354 0.310402
1154.519043 0.276174 -0.031208 0.307382
1153.408081 0.273343 -0.031088 0.304431
1152.296997 0.270568 -0.030962 0.301530
1151.186035 0.267843 -0.030830 0.298673
1150.075073 0.265167 -0.030729 0.295896
1148.963989 0.262542 -0.030612 0.293155
1147.853027 0.259978 -0.030521 0.290499
1146.742065 0.257458 -0.030438 0.287896
1145.630981 0.254970 -0.030363 0.285333
1144.520020 0.252532 -0.030274 0.282806
1143.409058 0.250133 -0.030204 0.280337
1142.298096 0.247769 -0.030136 0.277904
1141.187012 0.245446 -0.030084 0.275530
1140.076050 0.243174 -0.030044 0.273218
1138.965088 0.240926 -0.030007 0.270933
1137.854004 0.238724 -0.029966 0.268690
1136.743042 0.236564 -0.029932 0.266496
1135.632080 0.234426 -0.029906 0.264332
1134.520996 0.232322 -0.029895 0.262217
1133.410034 0.230241 -0.029882 0.260123
1132.299072 0.228203 -0.029875 0.258078
1131.187988 0.226186 -0.029867 0.256053
1130.077026 0.224204 -0.029860 0.254064
1128.966064 0.222239 -0.029876 0.252115
1127.854980 0.220290 -0.029896 0.250186
1126.744019 0.218365 -0.029935 0.248300
1125.633057 0.216453 -0.029958 0.246412
1124.522095 0.214573 -0.029997 0.244570
1123.411011 0.212715 -0.030041 0.242757
1122.300049 0.210885 -0.030098 0.240982
1121.189087 0.209077 -0.030153 0.239230
1120.078003 0.207298 -0.030210 0.237507
1118.967041 0.205527 -0.030278 0.235805
1117.856079 0.203772 -0.030349 0.234120
1116.744995 0.202055 -0.030417 0.232472
1115.634033 0.200341 -0.030494 0.230835
1114.523071 0.198634 -0.030572 0.229205
1113.411987 0.196948 -0.030660 0.227608
1112.301025 0.195282 -0.030736 0.226018
1111.190063 0.193627 -0.030831 0.224458
1110.079102 0.191979 -0.030941 0.222920
1108.968018 0.190338 -0.031056 0.221394
1107.857056 0.188690 -0.031183 0.219874
1106.746094 0.187058 -0.031306 0.218364
1105.635010 0.185435 -0.031428 0.216863
1104.524048 0.183816 -0.031563 0.215378
1103.413086 0.182207 -0.031698 0.213904
1102.302002 0.180600 -0.031836 0.212436
1101.191040 0.179010 -0.031973 0.210983
1100.080078 0.177411 -0.032129 0.209540
1098.968994 0.175825 -0.032278 0.208103
1097.858032 0.174234 -0.032434 0.206668
1096.747070 0.172654 -0.032594 0.205248
1095.635986 0.171066 -0.032769 0.203835
1094.525024 0.169469 -0.032943 0.202412
1093.414063 0.167878 -0.033113 0.200991
1092.303101 0.166279 -0.033299 0.199578
1091.192017 0.164689 -0.033485 0.198174
1090.081055 0.163082 -0.033685 0.196766
1088.970093 0.161476 -0.033881 0.195357
1087.859009 0.159859 -0.034091 0.193950
1086.748047 0.158247 -0.034297 0.192544
1085.637085 0.156643 -0.034510 0.191153
1084.526001 0.155023 -0.034731 0.189754
1083.415039 0.153404 -0.034956 0.188359
1082.304077 0.151779 -0.035174 0.186953
1081.192993 0.150144 -0.035406 0.185550
1080.082031 0.148505 -0.035640 0.184145
1078.971069 0.146859 -0.035877 0.182736
1077.859985 0.145219 -0.036114 0.181333
1076.749023 0.143557 -0.036363 0.179921
1075.638062 0.141885 -0.036622 0.178507
1074.527100 0.140192 -0.036873 0.177065
1073.416016 0.138483 -0.037130 0.175613
1072.305054 0.136721 -0.037414 0.174135
1071.194092 0.134895 -0.037729 0.172625
1070.083008 0.133034 -0.038032 0.171066
1068.972046 0.131106 -0.038354 0.169461
1067.861084 0.129147 -0.038689 0.167836
1066.750000 0.127141 -0.039040 0.166181
1065.639038 0.125113 -0.039383 0.164496
1064.528076 0.123040 -0.039728 0.162769
1063.416992 0.120931 -0.040089 0.161020
1062.306030 0.118798 -0.040466 0.159264
1061.195068 0.116633 -0.040839 0.157473
1060.083984 0.114435 -0.041238 0.155673
1058.973022 0.112222 -0.041633 0.153855
1057.862061 0.109978 -0.042037 0.152015
1056.751099 0.107698 -0.042446 0.150144
1055.640015 0.105391 -0.042863 0.148254
1054.529053 0.103069 -0.043283 0.146352
1053.418091 0.100733 -0.043705 0.144438
1052.307007 0.098378 -0.044141 0.142519
1051.196045 0.096017 -0.044577 0.140595
1050.085083 0.093696 -0.045002 0.138698
1048.973999 0.091413 -0.045408 0.136821
1047.863037 0.089150 -0.045821 0.134971
1046.752075 0.086940 -0.046226 0.133166
1045.640991 0.084747 -0.046623 0.131369
1044.530029 0.082592 -0.047013 0.129604
1043.419067 0.080461 -0.047405 0.127866
1042.308105 0.078361 -0.047805 0.126166
1041.197021 0.076293 -0.048179 0.124472
1040.086060 0.074257 -0.048547 0.122803
1038.975098 0.072259 -0.048922 0.121181
1037.864014 0.070305 -0.049274 0.119579
1036.753052 0.068385 -0.049625 0.118010
1035.642090 0.066503 -0.049972 0.116475
1034.531006 0.064678 -0.050310 0.114989
1033.420044 0.062892 -0.050638 0.113531
1032.309082 0.061154 -0.050961 0.112115
1031.197998 0.059465 -0.051277 0.110742
1030.087036 0.057827 -0.051583 0.109410
1028.976074 0.056242 -0.051874 0.108116
1027.864990 0.054705 -0.052158 0.106863
1026.754028 0.053226 -0.052428 0.105654
1025.643066 0.051806 -0.052692 0.104498
1024.532104 0.050418 -0.052956 0.103374
1023.421021 0.049093 -0.053201 0.102294
1022.310059 0.047815 -0.053444 0.101259
1021.199036 0.046585 -0.053671 0.100256
1020.088074 0.045409 -0.053882 0.099291
1018.977051 0.044281 -0.054107 0.098388
1017.866028 0.043216 -0.054300 0.097517
1016.755066 0.042189 -0.054488 0.096677
1015.644043 0.041210 -0.054665 0.095875
1014.533020 0.040271 -0.054843 0.095113
1013.422058 0.039379 -0.055009 0.094387
1012.311035 0.038532 -0.055165 0.093697
1011.200073 0.037727 -0.055316 0.093043
1010.089050 0.036971 -0.055443 0.092415
1008.978027 0.036248 -0.055565 0.091813
1007.867065 0.035565 -0.055685 0.091250
1006.756042 0.034930 -0.055793 0.090724
1005.645020 0.034322 -0.055893 0.090215
1004.534058 0.033746 -0.055995 0.089741
1003.423035 0.033201 -0.056088 0.089289
1002.312073 0.032696 -0.056167 0.088863
1001.201050 0.032217 -0.056250 0.088466
1000.090027 0.031768 -0.056316 0.088084
998.979065 0.031352 -0.056381 0.087734
997.868042 0.030959 -0.056446 0.087404
996.757019 0.030594 -0.056493 0.087086
995.646057 0.030247 -0.056548 0.086796
994.535034 0.029919 -0.056593 0.086512
993.424072 0.029616 -0.056638 0.086255
992.313049 0.029336 -0.056674 0.086011
991.202026 0.029079 -0.056703 0.085782
990.091065 0.028837 -0.056727 0.085565
988.980041 0.028612 -0.056753 0.085365
987.869019 0.028390 -0.056792 0.085182
986.758057 0.028187 -0.056823 0.085010
985.647034 0.028004 -0.056842 0.084846
984.536072 0.027833 -0.056860 0.084693
983.425049 0.027672 -0.056870 0.084542
982.314026 0.027523 -0.056891 0.084414
981.203064 0.027388 -0.056901 0.084289
980.092041 0.027262 -0.056914 0.084176
978.981018 0.027148 -0.056931 0.084079
977.870056 0.027042 -0.056940 0.083982
976.759033 0.026950 -0.056947 0.083896
975.648071 0.026858 -0.056959 0.083818
974.537048 0.026769 -0.056962 0.083730
973.426025 0.026694 -0.056966 0.083660
972.315063 0.026631 -0.056970 0.083601
971.204041 0.026570 -0.056988 0.083558
970.093079 0.026516 -0.056989 0.083505
968.982056 0.026470 -0.056993 0.083462
967.871033 0.026420 -0.056998 0.083419
966.760071 0.026387 -0.056999 0.083386
965.649048 0.026350 -0.056998 0.083348
964.538025 0.026331 -0.056989 0.083320
963.427063 0.026307 -0.056987 0.083294
962.316040 0.026278 -0.056981 0.083259
961.205078 0.026260 -0.056977 0.083237
960.094055 0.026243 -0.056967 0.083210
958.983032 0.026229 -0.056952 0.083181
957.872070 0.026206 -0.056946 0.083152
956.761047 0.026196 -0.056929 0.083125
955.650024 0.026192 -0.056914 0.083106
954.539063 0.026169 -0.056911 0.083080
953.428040 0.026155 -0.056897 0.083052
952.317078 0.026154 -0.056885 0.083038
951.206055 0.026147 -0.056870 0.083016
950.095032 0.026142 -0.056855 0.082997
948.984070 0.026140 -0.056825 0.082965
947.873047 0.026132 -0.056814 0.082945
946.762024 0.026125 -0.056787 0.082912
945.651062 0.026122 -0.056770 0.082892
944.540039 0.026108 -0.056759 0.082867
943.429077 0.026110 -0.056747 0.082857
942.318054 0.026102 -0.056741 0.082843
941.207031 0.026099 -0.056725 0.082824
940.096069 0.026094 -0.056722 0.082816
938.985046 0.026092 -0.056723 0.082814
937.874023 0.026090 -0.056706 0.082796
936.763062 0.026079 -0.056715 0.082794
935.652039 0.026085 -0.056703 0.082788
934.541077 0.026089 -0.056692 0.082781
933.430054 0.026083 -0.056694 0.082776
932.319031 0.026081 -0.056685 0.082766
931.208069 0.026092 -0.056676 0.082768
930.097046 0.026093 -0.056672 0.082765
928.986023 0.026092 -0.056664 0.082756
927.875061 0.026100 -0.056658 0.082757
926.764038 0.026104 -0.056649 0.082752
925.653076 0.026113 -0.056640 0.082753
924.542053 0.026118 -0.056630 0.082749
923.431030 0.026124 -0.056625 0.082748
922.320068 0.026134 -0.056610 0.082744
921.209045 0.026141 -0.056590 0.082730
920.098022 0.026144 -0.056577 0.082721
918.987060 0.026148 -0.056573 0.082721
917.876038 0.026159 -0.056561 0.082720
916.765076 0.026170 -0.056543 0.082712
915.654053 0.026170 -0.056541 0.082710
914.543030 0.026180 -0.056521 0.082701
913.432068 0.026183 -0.056514 0.082697
912.321045 0.026185 -0.056499 0.082684
911.210022 0.026192 -0.056478 0.082670
910.099060 0.026210 -0.056455 0.082665
908.988037 0.026522 -0.056415 0.082936
907.877075 0.026461 -0.056433 0.082894
906.766052 0.026461 -0.056537 0.082998
905.655029 0.026145 -0.056886 0.083030
904.544067 0.026382 -0.056829 0.083211
903.433044 0.026717 -0.056487 0.083204
902.322082 0.026666 -0.056362 0.083028
901.211060 0.026721 -0.056503 0.083224
900.100037 0.026524 -0.056748 0.083272
898.989075 0.026616 -0.056836 0.083452
897.878052 0.026687 -0.056641 0.083329
896.767029 0.026725 -0.056638 0.083363
895.656067 0.026736 -0.056608 0.083343
894.545044 0.026589 -0.056689 0.083278
893.434082 0.026509 -0.056691 0.083200
892.323059 0.026408 -0.056838 0.083246
891.212036 0.026347 -0.057015 0.083362
890.101074 0.026471 -0.056748 0.083219
888.990051 0.026470 -0.056744 0.083214
887.879028 0.026429 -0.056624 0.083053
886.768066 0.026139 -0.056624 0.082763
885.657043 0.026268 -0.056531 0.082799
884.546082 0.026358 -0.056427 0.082785
883.435059 0.026586 -0.056033 0.082620
882.324036 0.026391 -0.056058 0.082449
881.213074 0.026128 -0.056422 0.082550
880.102051 0.026194 -0.056513 0.082707
878.991028 0.026109 -0.056346 0.082455
877.880066 0.026274 -0.056099 0.082373
876.769043 0.026147 -0.055994 0.082141
875.658081 0.026111 -0.056200 0.082311
874.547058 0.026096 -0.056188 0.082284
873.436035 0.026066 -0.056204 0.082270
872.325073 0.026216 -0.056085 0.082300
871.214050 0.026347 -0.056115 0.082461
870.103027 0.026437 -0.055963 0.082400
868.992065 0.026520 -0.055732 0.082253
867.881043 0.026410 -0.055984 0.082393
866.770081 0.026439 -0.056022 0.082461
865.659058 0.026503 -0.056155 0.082658
864.548035 0.026503 -0.056203 0.082706
863.437073 0.026441 -0.056297 0.082738
862.326050 0.026370 -0.056289 0.082658
861.215027 0.026460 -0.056345 0.082805
860.104065 0.026431 -0.056338 0.082769
858.993042 0.026362 -0.056315 0.082677
857.882080 0.026370 -0.056315 0.082685
856.771057 0.026429 -0.056357 0.082786
855.660034 0.026486 -0.056351 0.082837
854.549072 0.026544 -0.056362 0.082906
853.438049 0.026528 -0.056356 0.082884
852.327026 0.026537 -0.056365 0.082902
851.216065 0.026567 -0.056380 0.082947
850.105041 0.026580 -0.056422 0.083002
848.994080 0.026566 -0.056373 0.082939
847.883057 0.026611 -0.056370 0.082981
846.772034 0.026605 -0.056428 0.083033
845.661072 0.026599 -0.056473 0.083072
844.550049 0.026583 -0.056464 0.083047
843.439026 0.026580 -0.056465 0.083045
842.328064 0.026585 -0.056458 0.083043
841.217041 0.026600 -0.056453 0.083053
840.106079 0.026609 -0.056443 0.083053
838.995056 0.026625 -0.056420 0.083044
837.884033 0.026629 -0.056469 0.083098
836.773071 0.026649 -0.056464 0.083113
835.662048 0.026656 -0.056511 0.083167
834.551025 0.026659 -0.056478 0.083137
833.440063 0.026643 -0.056487 0.083130
832.329041 0.026640 -0.056504 0.083144
831.218079 0.026648 -0.056495 0.083142
830.107056 0.026636 -0.056502 0.083138
828.996033 0.026647 -0.056523 0.083170
827.885071 0.026650 -0.056532 0.083182
826.774048 0.026642 -0.056533 0.083175
825.663086 0.026637 -0.056540 0.083176
824.552063 0.026653 -0.056552 0.083205
823.441040 0.026669 -0.056530 0.083199
822.330078 0.026681 -0.056519 0.083200
821.219055 0.026677 -0.056506 0.083182
820.108032 0.026683 -0.056496 0.083179
818.997070 0.026677 -0.056499 0.083176
817.886047 0.026669 -0.056551 0.083220
816.775085 0.026677 -0.056569 0.083246
815.664063 0.026688 -0.056578 0.083267
814.553040 0.026686 -0.056587 0.083274
813.442078 0.026678 -0.056590 0.083268
812.331055 0.026659 -0.056633 0.083292
811.220032 0.026667 -0.056654 0.083320
810.109070 0.026676 -0.056651 0.083327
808.998047 0.026708 -0.056733 0.083441
807.887085 0.026747 -0.056819 0.083566
806.776062 0.026758 -0.056870 0.083628
805.665039 0.026789 -0.056930 0.083719
804.554077 0.026827 -0.057023 0.083850
803.443054 0.026876 -0.057083 0.083958
802.332031 0.026900 -0.057146 0.084046
801.221069 0.026927 -0.057211 0.084138
800.110046 0.026944 -0.057295 0.084238
798.999084 0.026983 -0.057332 0.084315
797.888000 0.027010 -0.057392 0.084402
796.776978 0.027052 -0.057482 0.084534
795.666016 0.027112 -0.057517 0.084629
794.554993 0.027133 -0.057596 0.084729
793.444031 0.027157 -0.057677 0.084835
792.333008 0.027182 -0.057740 0.084922
791.221985 0.027212 -0.057803 0.085014
790.111023 0.027252 -0.057845 0.085097
789.000000 0.027283 -0.057896 0.085179
787.888977 0.027306 -0.057981 0.085287
786.778015 0.027315 -0.057967 0.085282
785.666992 0.027326 -0.057974 0.085300
784.556030 0.027343 -0.057968 0.085311
783.445007 0.027366 -0.057972 0.085338
782.333984 0.027353 -0.057949 0.085302
781.223022 0.027357 -0.057931 0.085288
780.112000 0.027367 -0.057937 0.085304
779.000977 0.027378 -0.057929 0.085307
777.890015 0.027404 -0.057885 0.085289
776.778992 0.027392 -0.057932 0.085324
775.668030 0.027414 -0.057932 0.085346
774.557007 0.027424 -0.057883 0.085307
773.445984 0.027417 -0.057870 0.085286
772.335022 0.027428 -0.057843 0.085272
771.223999 0.027444 -0.057795 0.085239
770.112976 0.027460 -0.057779 0.085239
769.002014 0.027464 -0.057782 0.085246
767.890991 0.027477 -0.057775 0.085253
766.780029 0.027500 -0.057748 0.085248
765.669006 0.027518 -0.057713 0.085231
764.557983 0.027522 -0.057714 0.085236
763.447022 0.027505 -0.057675 0.085180
762.335998 0.027525 -0.057668 0.085194
761.224976 0.027520 -0.057659 0.085179
760.114014 0.027533 -0.057671 0.085204
759.002991 0.027503 -0.057711 0.085214
757.892029 0.027495 -0.057689 0.085184
756.781006 0.027487 -0.057700 0.085187
755.669983 0.027494 -0.057745 0.085240
754.559021 0.027511 -0.057723 0.085234
753.447998 0.027492 -0.057712 0.085204
752.336975 0.027493 -0.057683 0.085176
751.226013 0.027498 -0.057677 0.085175
750.114990 0.027515 -0.057668 0.085183
749.004028 0.027518 -0.057666 0.085184
747.893005 0.027540 -0.057655 0.085195
746.781982 0.027566 -0.057633 0.085199
745.671021 0.027569 -0.057632 0.085200
744.559998 0.027574 -0.057638 0.085212
743.448975 0.027591 -0.057619 0.085210
742.338013 0.027611 -0.057589 0.085200
741.226990 0.027637 -0.057566 0.085203
740.116028 0.027632 -0.057559 0.085191
739.005005 0.027643 -0.057526 0.085168
737.893982 0.027661 -0.057504 0.085165
736.783020 0.027683 -0.057472 0.085156
735.671997 0.027697 -0.057467 0.085165
734.560974 0.027719 -0.057431 0.085150
733.450012 0.027732 -0.057377 0.085109
732.338989 0.027752 -0.057349 0.085101
731.228027 0.027774 -0.057350 0.085124
730.117004 0.027785 -0.057356 0.085142
729.005981 0.027792 -0.057331 0.085123
727.895019 0.027797 -0.057321 0.085118
726.783997 0.027814 -0.057308 0.085121
725.673035 0.027817 -0.057294 0.085111
724.562012 0.027826 -0.057274 0.085099
723.450989 0.027849 -0.057260 0.085109
722.340027 0.027856 -0.057241 0.085097
721.229004 0.027854 -0.057233 0.085087
720.117981 0.027857 -0.057241 0.085099
719.007019 0.027867 -0.057240 0.085108
717.895996 0.027890 -0.057228 0.085118
716.785034 0.027891 -0.057225 0.085116
715.674011 0.027891 -0.057207 0.085098
714.562988 0.027910 -0.057184 0.085094
713.452026 0.027919 -0.057164 0.085083
712.341003 0.027924 -0.057171 0.085095
711.229981 0.027928 -0.057147 0.085075
710.119019 0.027931 -0.057135 0.085066
709.007996 0.027940 -0.057101 0.085041
707.897034 0.027948 -0.057087 0.085035
706.786011 0.027954 -0.057082 0.085036
705.674988 0.027953 -0.057057 0.085011
704.564026 0.027946 -0.057037 0.084983
703.453003 0.027932 -0.057040 0.084972
702.341980 0.027918 -0.057027 0.084945
701.231018 0.027899 -0.057007 0.084906
700.119995 0.027892 -0.056992 0.084884
699.009033 0.027874 -0.056980 0.084855
697.898010 0.027851 -0.056941 0.084792
696.786987 0.027840 -0.056902 0.084742
695.676025 0.027820 -0.056854 0.084675
694.565002 0.027795 -0.056822 0.084617
693.453979 0.027771 -0.056789 0.084560
692.343018 0.027735 -0.056762 0.084497
691.231995 0.027709 -0.056704 0.084413
690.121033 0.027675 -0.056646 0.084321
689.010010 0.027628 -0.056603 0.084232
687.898987 0.027578 -0.056562 0.084141
686.788025 0.027520 -0.056502 0.084022
685.677002 0.027465 -0.056434 0.083899
684.565979 0.027403 -0.056361 0.083764
683.455017 0.027341 -0.056287 0.083628
682.343994 0.027273 -0.056211 0.083484
681.233032 0.027204 -0.056125 0.083328
680.122009 0.027128 -0.056036 0.083164
679.010986 0.027054 -0.055927 0.082981
677.900024 0.026971 -0.055821 0.082792
676.789002 0.026884 -0.055725 0.082609
675.677978 0.026794 -0.055622 0.082415
674.567017 0.026692 -0.055512 0.082204
673.455994 0.026597 -0.055407 0.082004
672.345032 0.026500 -0.055301 0.081801
671.234009 0.026400 -0.055199 0.081598
670.122986 0.026300 -0.055072 0.081372
669.012024 0.026192 -0.054979 0.081171
667.901001 0.026083 -0.054879 0.080962
666.789978 0.025979 -0.054777 0.080756
665.679016 0.025878 -0.054679 0.080557
664.567993 0.025783 -0.054577 0.080360
663.457031 0.025682 -0.054480 0.080161
662.346008 0.025585 -0.054395 0.079980
661.234985 0.025493 -0.054297 0.079791
660.124023 0.025407 -0.054217 0.079624
659.013000 0.025331 -0.054124 0.079454
657.901978 0.025259 -0.054064 0.079323
656.791016 0.025181 -0.054004 0.079185
655.679993 0.025120 -0.053936 0.079056
654.569031 0.025069 -0.053868 0.078937
653.458008 0.025017 -0.053836 0.078852
652.346985 0.024970 -0.053816 0.078786
651.236023 0.024924 -0.053787 0.078711
650.125000 0.024895 -0.053767 0.078661
649.014038 0.024875 -0.053737 0.078613
647.903015 0.024859 -0.053733 0.078592
646.791992 0.024849 -0.053723 0.078572
645.681030 0.024848 -0.053717 0.078565
644.570007 0.024856 -0.053714 0.078570
643.458984 0.024866 -0.053723 0.078589
642.348022 0.024887 -0.053743 0.078630
641.237000 0.024904 -0.053769 0.078672
640.126038 0.024933 -0.053802 0.078735
639.015015 0.024969 -0.053843 0.078813
637.903992 0.025010 -0.053874 0.078884
636.793030 0.025051 -0.053911 0.078962
635.682007 0.025096 -0.053936 0.079032
634.570984 0.025150 -0.053983 0.079133
633.460022 0.025200 -0.054037 0.079237
632.348999 0.025250 -0.054093 0.079343
631.238037 0.025318 -0.054121 0.079439
630.127014 0.025383 -0.054168 0.079551
629.015991 0.025449 -0.054219 0.079667
627.905029 0.025512 -0.054270 0.079783
626.794006 0.025577 -0.054329 0.079906
625.682983 0.025650 -0.054377 0.080027
624.572022 0.025726 -0.054432 0.080158
623.460998 0.025801 -0.054495 0.080296
622.350037 0.025865 -0.054566 0.080431
621.239014 0.025944 -0.054625 0.080569
620.127991 0.026020 -0.054687 0.080707
619.017029 0.026114 -0.054734 0.080848
617.906006 0.026196 -0.054771 0.080966
616.794983 0.026278 -0.054819 0.081097
615.684021 0.026362 -0.054867 0.081229
614.572998 0.026450 -0.054916 0.081366
613.462036 0.026530 -0.054965 0.081495
612.351013 0.026618 -0.054999 0.081616
611.239990 0.026691 -0.055048 0.081739
610.129028 0.026766 -0.055090 0.081856
609.018005 0.026830 -0.055136 0.081967
607.906982 0.026893 -0.055177 0.082070
606.796021 0.026954 -0.055221 0.082175
605.684998 0.027005 -0.055260 0.082265
604.574036 0.027048 -0.055284 0.082331
603.463013 0.027078 -0.055325 0.082402
602.351990 0.027100 -0.055350 0.082450
601.241028 0.027126 -0.055365 0.082491
600.130005 0.027152 -0.055382 0.082534
599.018982 0.027161 -0.055389 0.082550
597.908020 0.027158 -0.055385 0.082543
596.796997 0.027148 -0.055394 0.082541
595.686035 0.027132 -0.055403 0.082536
594.575012 0.027104 -0.055416 0.082520
593.463989 0.027072 -0.055418 0.082490
592.353027 0.027034 -0.055420 0.082454
591.242004 0.027000 -0.055419 0.082419
590.130981 0.026955 -0.055428 0.082382
589.020019 0.026913 -0.055434 0.082347
587.908997 0.026864 -0.055441 0.082305
586.798035 0.026824 -0.055437 0.082262
585.687012 0.026781 -0.055426 0.082206
584.575989 0.026735 -0.055400 0.082135
583.465027 0.026704 -0.055380 0.082084
582.354004 0.026668 -0.055372 0.082040
581.243042 0.026638 -0.055353 0.081992
580.132019 0.026606 -0.055354 0.081960
579.020996 0.026574 -0.055331 0.081905
577.910034 0.026535 -0.055313 0.081849
576.799011 0.026512 -0.055284 0.081796
575.687988 0.026488 -0.055287 0.081775
574.577026 0.026474 -0.055273 0.081747
573.466003 0.026461 -0.055268 0.081729
572.355041 0.026453 -0.055257 0.081710
571.244019 0.026453 -0.055242 0.081696
570.132996 0.026458 -0.055222 0.081680
569.022034 0.026452 -0.055214 0.081666
567.911011 0.026446 -0.055201 0.081647
566.799988 0.026445 -0.055176 0.081621
565.689026 0.026455 -0.055154 0.081609
564.578003 0.026463 -0.055144 0.081608
563.467041 0.026474 -0.055138 0.081612
562.356018 0.026493 -0.055145 0.081638
561.244995 0.026506 -0.055129 0.081636
560.134033 0.026528 -0.055129 0.081658
559.023010 0.026544 -0.055123 0.081667
557.911987 0.026564 -0.055103 0.081666
556.801025 0.026587 -0.055094 0.081681
555.690002 0.026616 -0.055110 0.081726
554.579041 0.026637 -0.055109 0.081746
553.468018 0.026661 -0.055099 0.081760
552.356995 0.026684 -0.055092 0.081776
551.246033 0.026717 -0.055088 0.081805
550.135010 0.026745 -0.055098 0.081843
549.023987 0.026760 -0.055098 0.081858
547.913025 0.026778 -0.055110 0.081887
546.802002 0.026805 -0.055107 0.081912
545.691040 0.026824 -0.055111 0.081935
544.580017 0.026847 -0.055113 0.081960
543.468994 0.026875 -0.055101 0.081977
542.358032 0.026884 -0.055108 0.081992
541.247009 0.026904 -0.055100 0.082004
540.135986 0.026920 -0.055086 0.082006
539.025024 0.026937 -0.055094 0.082031
537.914002 0.026947 -0.055088 0.082035
536.803040 0.026963 -0.055100 0.082062
535.692017 0.026983 -0.055100 0.082083
534.580994 0.026996 -0.055124 0.082119
533.470032 0.027012 -0.055107 0.082119
532.359009 0.027025 -0.055110 0.082134
531.247986 0.027034 -0.055133 0.082167
530.137024 0.027046 -0.055144 0.082191
529.026001 0.027051 -0.055134 0.082185
527.915039 0.027058 -0.055122 0.082180
526.804016 0.027069 -0.055132 0.082201
525.692993 0.027085 -0.055133 0.082217
524.582031 0.027090 -0.055122 0.082212
523.471008 0.027109 -0.055111 0.082219
522.359985 0.027123 -0.055129 0.082252
521.249023 0.027131 -0.055135 0.082266
520.138000 0.027149 -0.055123 0.082272
519.027039 0.027157 -0.055130 0.082287
517.916016 0.027167 -0.055131 0.082298
516.804993 0.027170 -0.055124 0.082294
515.694031 0.027186 -0.055108 0.082294
514.583008 0.027201 -0.055085 0.082286
513.472046 0.027209 -0.055070 0.082280
512.361023 0.027229 -0.055038 0.082267
511.250030 0.027241 -0.055032 0.082273
510.139008 0.027243 -0.055057 0.082299
509.028015 0.027262 -0.055031 0.082292
507.917023 0.027266 -0.055041 0.082307
506.806030 0.027279 -0.055050 0.082329
505.695007 0.027290 -0.055041 0.082332
504.584015 0.027310 -0.055021 0.082331
503.473023 0.027315 -0.055023 0.082338
502.362030 0.027329 -0.055032 0.082361
501.251007 0.027334 -0.055055 0.082389
500.140015 0.027346 -0.055025 0.082371
499.029022 0.027356 -0.055025 0.082381
497.918030 0.027377 -0.055017 0.082394
496.807007 0.027391 -0.055001 0.082392
495.696014 0.027404 -0.054997 0.082401
494.585022 0.027418 -0.055007 0.082425
493.474029 0.027430 -0.055007 0.082437
492.363007 0.027442 -0.055012 0.082454
491.252014 0.027458 -0.055024 0.082482
490.141022 0.027460 -0.055027 0.082488
489.030029 0.027471 -0.055023 0.082494
487.919006 0.027488 -0.054996 0.082484
486.808014 0.027496 -0.055005 0.082501
485.697022 0.027515 -0.054981 0.082496
484.586029 0.027529 -0.054967 0.082496
483.475006 0.027543 -0.054966 0.082510
482.364014 0.027550 -0.054971 0.082521
481.253021 0.027567 -0.054956 0.082523
480.142029 0.027589 -0.054929 0.082518
479.031006 0.027608 -0.054900 0.082508
477.920013 0.027622 -0.054902 0.082524
476.809021 0.027644 -0.054896 0.082541
475.698029 0.027650 -0.054902 0.082551
474.587006 0.027664 -0.054927 0.082592
473.476013 0.027675 -0.054937 0.082613
472.365021 0.027688 -0.054941 0.082629
471.254028 0.027708 -0.054942 0.082650
470.143005 0.027732 -0.054939 0.082670
469.032013 0.027747 -0.054929 0.082676
467.921020 0.027763 -0.054941 0.082704
466.810028 0.027776 -0.054940 0.082716
465.699005 0.027805 -0.054963 0.082768
464.588013 0.027823 -0.054957 0.082780
463.477020 0.027828 -0.054977 0.082805
462.366028 0.027845 -0.054992 0.082837
461.255005 0.027866 -0.054998 0.082864
460.144012 0.027879 -0.055034 0.082913
459.033020 0.027891 -0.055054 0.082945
457.922028 0.027896 -0.055100 0.082996
456.811005 0.027918 -0.055127 0.083045
455.700012 0.027941 -0.055157 0.083098
454.589020 0.027944 -0.055191 0.083135
453.478027 0.027963 -0.055221 0.083183
452.367004 0.027984 -0.055245 0.083229
451.256012 0.028015 -0.055256 0.083271
450.145019 0.028040 -0.055282 0.083322
449.034027 0.028064 -0.055313 0.083377
447.923004 0.028090 -0.055330 0.083419
446.812012 0.028119 -0.055361 0.083481
445.701019 0.028146 -0.055391 0.083537
444.590027 0.028164 -0.055446 0.083610
443.479004 0.028196 -0.055464 0.083660
442.368012 0.028240 -0.055488 0.083729
441.257019 0.028294 -0.055528 0.083822
440.146027 0.028333 -0.055562 0.083895
439.035034 0.028375 -0.055596 0.083971
437.924011 0.028429 -0.055618 0.084047
436.813019 0.028482 -0.055648 0.084130
435.702026 0.028543 -0.055665 0.084208
434.591034 0.028591 -0.055707 0.084297
433.480011 0.028651 -0.055717 0.084368
432.369019 0.028722 -0.055741 0.084464
431.258026 0.028788 -0.055769 0.084557
430.147034 0.028844 -0.055792 0.084636
429.036011 0.028904 -0.055822 0.084726
427.925018 0.028967 -0.055829 0.084796
426.814026 0.029031 -0.055866 0.084897
425.703033 0.029084 -0.055897 0.084981
424.592011 0.029144 -0.055933 0.085078
423.481018 0.029215 -0.055957 0.085171
422.370026 0.029300 -0.055943 0.085243
421.259033 0.029353 -0.055967 0.085320
420.148010 0.029390 -0.055977 0.085367
419.037018 0.029452 -0.055975 0.085427
417.926025 0.029519 -0.055955 0.085474
416.815033 0.029579 -0.055946 0.085525
415.704010 0.029620 -0.055900 0.085521
414.593018 0.029670 -0.055875 0.085545
413.482025 0.029723 -0.055844 0.085567
412.371033 0.029778 -0.055818 0.085596
411.260010 0.029798 -0.055815 0.085613
410.149017 0.029810 -0.055783 0.085593
409.038025 0.029849 -0.055732 0.085580
407.927032 0.029893 -0.055655 0.085547
406.816010 0.029922 -0.055600 0.085522
405.705017 0.029934 -0.055611 0.085545
404.594025 0.029949 -0.055553 0.085502
403.483032 0.029980 -0.055501 0.085481
402.372009 0.029988 -0.055442 0.085430
401.261017 0.029998 -0.055394 0.085392
400.150024 0.030001 -0.055367 0.085367
399.039032 0.030028 -0.055305 0.085333
397.928009 0.030070 -0.055259 0.085329
396.817017 0.030072 -0.055192 0.085264
395.706024 0.030061 -0.055146 0.085207
394.595032 0.030069 -0.055096 0.085165
393.484009 0.030081 -0.055044 0.085125
392.373016 0.030074 -0.055016 0.085090
391.262024 0.030045 -0.054980 0.085024
390.151031 0.030064 -0.054927 0.084991
389.040008 0.030071 -0.054885 0.084955
387.929016 0.030091 -0.054853 0.084944
386.818024 0.030070 -0.054830 0.084900
385.707031 0.030102 -0.054781 0.084883
384.596008 0.030111 -0.054748 0.084859
383.485016 0.030125 -0.054662 0.084787
382.374023 0.030112 -0.054664 0.084776
381.263031 0.030145 -0.054568 0.084713
380.152008 0.030163 -0.054501 0.084664
379.041016 0.030129 -0.054460 0.084589
377.930023 0.030116 -0.054422 0.084538
376.819031 0.030116 -0.054390 0.084506
375.708008 0.030105 -0.054377 0.084482
374.597015 0.030084 -0.054405 0.084490
373.486023 0.030115 -0.054386 0.084500
372.375030 0.030145 -0.054355 0.084500
371.264038 0.030161 -0.054429 0.084590
370.153015 0.030167 -0.054432 0.084599
369.042023 0.030142 -0.054487 0.084629
367.931030 0.030140 -0.054488 0.084628
366.820038 0.030161 -0.054487 0.084648
365.709015 0.030147 -0.054524 0.084670
364.598023 0.030143 -0.054603 0.084746
363.487030 0.030130 -0.054653 0.084784
362.376038 0.030199 -0.054629 0.084827
361.265015 0.030202 -0.054712 0.084914
360.154022 0.030205 -0.054720 0.084925
359.043030 0.030412 -0.055739 0.086152
357.932037 0.030749 -0.056744 0.087494
356.821014 0.031166 -0.057997 0.089164
355.710022 0.031413 -0.059189 0.090602
354.599029 0.031637 -0.059980 0.091617
353.488037 0.032156 -0.060658 0.092814
352.377014 0.032544 -0.061546 0.094090
351.266022 0.032894 -0.062762 0.095657
350.155029 0.033202 -0.063588 0.096790
349.044037 0.033436 -0.064589 0.098025
347.933014 0.033740 -0.065535 0.099274
346.822022 0.034268 -0.066339 0.100607
345.711029 0.034554 -0.067276 0.101830
344.600037 0.034808 -0.068344 0.103152
343.489014 0.035212 -0.069305 0.104518
342.378021 0.035632 -0.070160 0.105793
341.267029 0.035797 -0.071049 0.106846
340.156036 0.036031 -0.071854 0.107884
339.045013 0.036334 -0.072614 0.108949
337.934021 0.036717 -0.073403 0.110120
336.823029 0.036739 -0.073320 0.110059
335.712036 0.036627 -0.073250 0.109876
334.601013 0.036577 -0.072911 0.109488
333.490021 0.036769 -0.072506 0.109275
332.379028 0.036883 -0.072622 0.109505
331.268036 0.036615 -0.072777 0.109392
330.157013 0.036521 -0.072799 0.109320
329.046020 0.036518 -0.072510 0.109028
327.935028 0.036461 -0.072519 0.108980
326.824036 0.036620 -0.072502 0.109122
325.713013 0.036572 -0.072518 0.109090
324.602020 0.036326 -0.072466 0.108792
323.491028 0.036350 -0.072324 0.108674
322.380035 0.036156 -0.072347 0.108503
321.269012 0.036021 -0.072322 0.108342
320.158020 0.035934 -0.072203 0.108137
319.047028 0.036007 -0.072145 0.108151
317.936035 0.035878 -0.072268 0.108146
316.825012 0.035926 -0.072329 0.108255
315.714020 0.035989 -0.072201 0.108190
314.603027 0.036069 -0.072188 0.108258
313.492035 0.036003 -0.072320 0.108323
312.381012 0.036076 -0.072256 0.108332
311.270019 0.036114 -0.072239 0.108353
310.159027 0.036102 -0.072220 0.108323
309.048035 0.036144 -0.072202 0.108346
307.937012 0.036137 -0.072198 0.108336
306.826019 0.036270 -0.072088 0.108358
305.715027 0.036394 -0.072005 0.108398
304.604034 0.036381 -0.071625 0.108005
303.493012 0.036445 -0.071523 0.107968
302.382019 0.036578 -0.071652 0.108230
301.271027 0.036635 -0.071711 0.108345
300.160034 0.036828 -0.071474 0.108303
299.049042 0.036920 -0.071341 0.108262
297.938019 0.037020 -0.071308 0.108328
296.827026 0.037173 -0.071347 0.108519
295.716034 0.037324 -0.071315 0.108639
294.605042 0.037296 -0.071051 0.108347
293.494019 0.037245 -0.071118 0.108363
292.383026 0.037387 -0.071110 0.108497
291.272034 0.037604 -0.071020 0.108625
290.161041 0.037573 -0.070888 0.108462
289.050018 0.037587 -0.070802 0.108389
287.939026 0.037659 -0.070810 0.108469
286.828033 0.037752 -0.070835 0.108587
285.717041 0.037865 -0.070641 0.108506
284.606018 0.037840 -0.070572 0.108412
283.495026 0.037820 -0.070693 0.108513
282.384033 0.037822 -0.070897 0.108719
281.273041 0.037835 -0.070899 0.108734
280.162018 0.037860 -0.070821 0.108681
279.051025 0.037889 -0.070727 0.108616
277.940033 0.037892 -0.070749 0.108641
276.829041 0.037911 -0.070744 0.108655
275.718018 0.037859 -0.070743 0.108602
274.607025 0.037880 -0.070639 0.108519
273.496033 0.037947 -0.070543 0.108490
272.385040 0.037896 -0.070717 0.108613
271.274017 0.037889 -0.070804 0.108693
270.163025 0.037734 -0.070657 0.108391
269.052032 0.037704 -0.070483 0.108187
267.941040 0.037654 -0.070611 0.108264
266.830017 0.037473 -0.070689 0.108162
265.719025 0.037456 -0.070572 0.108028
264.608032 0.037406 -0.070600 0.108006
263.497040 0.037386 -0.070597 0.107983
262.386017 0.037208 -0.070686 0.107895
261.275024 0.037339 -0.070486 0.107824
260.164032 0.037316 -0.070335 0.107651
259.053040 0.037392 -0.070229 0.107622
257.942017 0.037260 -0.070196 0.107457
256.831024 0.037220 -0.070173 0.107393
255.720032 0.037329 -0.069969 0.107298
254.609024 0.037265 -0.069824 0.107089
253.498032 0.037209 -0.069776 0.106986
252.387024 0.037205 -0.069636 0.106841
251.276031 0.037181 -0.069588 0.106769
250.165024 0.037328 -0.069360 0.106689
249.054031 0.037317 -0.069245 0.106562
247.943024 0.037340 -0.069301 0.106642
246.832031 0.037353 -0.069272 0.106625
245.721024 0.037408 -0.069148 0.106555
244.610031 0.037500 -0.069117 0.106617
243.499023 0.037469 -0.069067 0.106536
242.388031 0.037515 -0.068847 0.106361
241.277023 0.037529 -0.068798 0.106327
240.166031 0.037657 -0.068612 0.106270
239.055023 0.037371 -0.068727 0.106098
