1800.010010 0.489558 0.346552 0.143007
1798.899048 0.489631 0.346805 0.142826
1797.787964 0.489656 0.346736 0.142921
1796.677002 0.489644 0.346759 0.142884
1795.566040 0.489587 0.346580 0.143006
1794.454956 0.489623 0.346505 0.143117
1793.343994 0.489644 0.346492 0.143152
1792.233032 0.489650 0.346522 0.143128
1791.121948 0.489629 0.346553 0.143077
1790.010986 0.489626 0.346548 0.143078
1788.900024 0.489642 0.346578 0.143064
1787.789063 0.489655 0.346722 0.142933
1786.677979 0.489703 0.346822 0.142882
1785.567017 0.489659 0.346719 0.142940
1784.456055 0.489693 0.346800 0.142893
1783.344971 0.489688 0.346805 0.142883
1782.234009 0.489711 0.346714 0.142997
1781.123047 0.489739 0.346672 0.143067
1780.011963 0.489773 0.346616 0.143157
1778.901001 0.489795 0.346674 0.143122
1777.790039 0.489825 0.346684 0.143140
1776.678955 0.489826 0.346544 0.143282
1775.567993 0.489834 0.346608 0.143226
1774.457031 0.489860 0.346626 0.143234
1773.345947 0.489946 0.346821 0.143124
1772.234985 0.489949 0.346873 0.143076
1771.124023 0.489966 0.346900 0.143066
1770.013062 0.489992 0.346887 0.143105
1768.901978 0.490032 0.346857 0.143176
1767.791016 0.490047 0.346873 0.143174
1766.680054 0.490031 0.346852 0.143180
1765.568970 0.490063 0.346834 0.143229
1764.458008 0.490072 0.346828 0.143244
1763.347046 0.490110 0.346897 0.143213
1762.235962 0.490123 0.346891 0.143232
1761.125000 0.490138 0.346897 0.143241
1760.014038 0.490154 0.346920 0.143234
1758.902954 0.490148 0.346955 0.143193
1757.791992 0.490121 0.346957 0.143163
1756.681030 0.490095 0.346937 0.143158
1755.570068 0.490068 0.346905 0.143163
1754.458984 0.490037 0.346886 0.143151
1753.348022 0.490020 0.346851 0.143169
1752.237061 0.489998 0.346801 0.143196
1751.125977 0.489960 0.346726 0.143234
1750.015015 0.489928 0.346723 0.143205
1748.904053 0.489888 0.346689 0.143199
1747.792969 0.489850 0.346663 0.143186
1746.682007 0.489819 0.346648 0.143171
1745.571045 0.489801 0.346609 0.143192
1744.459961 0.489753 0.346539 0.143214
1743.348999 0.489686 0.346472 0.143214
1742.238037 0.489628 0.346394 0.143235
1741.126953 0.489571 0.346305 0.143266
1740.015991 0.489499 0.346234 0.143265
1738.905029 0.489447 0.346174 0.143273
1737.794067 0.489357 0.346069 0.143288
1736.682983 0.489292 0.345972 0.143320
1735.572021 0.489221 0.345876 0.143345
1734.461060 0.489163 0.345807 0.143357
1733.349976 0.489092 0.345734 0.143359
1732.239014 0.489009 0.345658 0.143352
1731.128052 0.488916 0.345568 0.143347
1730.016968 0.488821 0.345462 0.143359
1728.906006 0.488727 0.345377 0.143351
1727.795044 0.488633 0.345278 0.143355
1726.683960 0.488533 0.345188 0.143345
1725.572998 0.488425 0.345088 0.143337
1724.462036 0.488320 0.344990 0.143330
1723.350952 0.488205 0.344896 0.143309
1722.239990 0.488107 0.344824 0.143283
1721.129028 0.488024 0.344754 0.143270
1720.018066 0.487921 0.344681 0.143240
1718.906982 0.487814 0.344600 0.143214
1717.796021 0.487708 0.344525 0.143183
1716.685059 0.487591 0.344444 0.143147
1715.573975 0.487497 0.344391 0.143105
1714.463013 0.487392 0.344324 0.143067
1713.352051 0.487278 0.344245 0.143033
1712.240967 0.487149 0.344160 0.142989
1711.130005 0.487040 0.344080 0.142960
1710.019043 0.486924 0.344000 0.142925
1708.907959 0.486818 0.343919 0.142899
1707.796997 0.486726 0.343860 0.142865
1706.686035 0.486623 0.343792 0.142831
1705.574951 0.486518 0.343732 0.142786
1704.463989 0.486424 0.343682 0.142743
1703.353027 0.486341 0.343633 0.142708
1702.242065 0.486253 0.343586 0.142667
1701.130981 0.486169 0.343536 0.142633
1700.020020 0.486091 0.343490 0.142601
1698.909058 0.486011 0.343444 0.142566
1697.797974 0.485947 0.343414 0.142533
1696.687012 0.485895 0.343386 0.142509
1695.576050 0.485851 0.343363 0.142489
1694.464966 0.485800 0.343333 0.142467
1693.354004 0.485763 0.343312 0.142452
1692.243042 0.485719 0.343285 0.142433
1691.131958 0.485684 0.343265 0.142419
1690.020996 0.485662 0.343266 0.142396
1688.910034 0.485637 0.343252 0.142384
1687.798950 0.485618 0.343251 0.142367
1686.687988 0.485597 0.343251 0.142346
1685.577026 0.485588 0.343260 0.142327
1684.466064 0.485570 0.343246 0.142324
1683.354980 0.485566 0.343245 0.142321
1682.244019 0.485573 0.343252 0.142321
1681.133057 0.485566 0.343253 0.142314
1680.021973 0.485553 0.343244 0.142309
1678.911011 0.485556 0.343248 0.142308
1677.800049 0.485555 0.343241 0.142314
1676.688965 0.485544 0.343233 0.142311
1675.578003 0.485536 0.343228 0.142308
1674.467041 0.485532 0.343224 0.142308
1673.355957 0.485524 0.343217 0.142307
1672.244995 0.485527 0.343222 0.142305
1671.134033 0.485517 0.343222 0.142295
1670.023071 0.485518 0.343232 0.142286
1668.911987 0.485527 0.343241 0.142285
1667.801025 0.485528 0.343235 0.142293
1666.690063 0.485527 0.343243 0.142284
1665.578979 0.485539 0.343255 0.142284
1664.468018 0.485551 0.343269 0.142283
1663.357056 0.485560 0.343282 0.142278
1662.245972 0.485587 0.343308 0.142278
1661.135010 0.485601 0.343325 0.142277
1660.024048 0.485604 0.343334 0.142270
1658.912964 0.485625 0.343348 0.142277
1657.802002 0.485655 0.343370 0.142286
1656.691040 0.485680 0.343387 0.142293
1655.579956 0.485707 0.343418 0.142290
1654.468994 0.485752 0.343455 0.142297
1653.358032 0.485790 0.343486 0.142304
1652.247070 0.485822 0.343514 0.142309
1651.135986 0.485850 0.343533 0.142317
1650.025024 0.485884 0.343563 0.142322
1648.914063 0.485923 0.343581 0.142342
1647.802979 0.485962 0.343604 0.142358
1646.692017 0.486000 0.343640 0.142360
1645.581055 0.486035 0.343666 0.142370
1644.469971 0.486086 0.343704 0.142381
1643.359009 0.486117 0.343720 0.142397
1642.248047 0.486155 0.343744 0.142411
1641.136963 0.486191 0.343757 0.142434
1640.026001 0.486222 0.343784 0.142438
1638.915039 0.486255 0.343804 0.142451
1637.803955 0.486291 0.343825 0.142465
1636.692993 0.486320 0.343839 0.142481
1635.582031 0.486353 0.343867 0.142486
1634.471069 0.486387 0.343894 0.142493
1633.359985 0.486423 0.343923 0.142500
1632.249023 0.486449 0.343942 0.142508
1631.138062 0.486473 0.343950 0.142523
1630.026978 0.486505 0.343974 0.142531
1628.916016 0.486544 0.344011 0.142533
1627.805054 0.486576 0.344021 0.142555
1626.693970 0.486603 0.344045 0.142558
1625.583008 0.486636 0.344074 0.142562
1624.472046 0.486661 0.344084 0.142577
1623.360962 0.486697 0.344110 0.142588
1622.250000 0.486725 0.344123 0.142602
1621.139038 0.486760 0.344156 0.142603
1620.027954 0.486791 0.344179 0.142612
1618.916992 0.486822 0.344209 0.142613
1617.806030 0.486849 0.344218 0.142632
1616.695068 0.486890 0.344252 0.142637
1615.583984 0.486914 0.344266 0.142648
1614.473022 0.486949 0.344302 0.142648
1613.362061 0.486985 0.344330 0.142656
1612.250977 0.487014 0.344360 0.142654
1611.140015 0.487033 0.344368 0.142666
1610.029053 0.487070 0.344403 0.142667
1608.917969 0.487102 0.344436 0.142666
1607.807007 0.487132 0.344458 0.142673
1606.696045 0.487164 0.344476 0.142688
1605.584961 0.487193 0.344507 0.142686
1604.473999 0.487223 0.344531 0.142693
1603.363037 0.487252 0.344554 0.142698
1602.252075 0.487283 0.344578 0.142705
1601.140991 0.487311 0.344595 0.142716
1600.030029 0.487344 0.344620 0.142723
1598.919067 0.487366 0.344635 0.142731
1597.807983 0.487389 0.344650 0.142739
1596.697021 0.487409 0.344661 0.142749
1595.586060 0.487432 0.344687 0.142745
1594.474976 0.487452 0.344703 0.142749
1593.364014 0.487482 0.344723 0.142759
1592.253052 0.487508 0.344739 0.142769
1591.141968 0.487527 0.344751 0.142777
1590.031006 0.487548 0.344759 0.142789
1588.920044 0.487576 0.344774 0.142802
1587.808960 0.487593 0.344780 0.142812
1586.697998 0.487619 0.344797 0.142821
1585.587036 0.487637 0.344809 0.142828
1584.476074 0.487649 0.344817 0.142833
1583.364990 0.487661 0.344822 0.142840
1582.254028 0.487675 0.344827 0.142848
1581.143066 0.487686 0.344832 0.142854
1580.031982 0.487702 0.344849 0.142853
1578.921021 0.487716 0.344862 0.142853
1577.810059 0.487725 0.344868 0.142857
1576.698975 0.487744 0.344875 0.142869
1575.588013 0.487770 0.344898 0.142872
1574.477051 0.487786 0.344908 0.142878
1573.365967 0.487805 0.344919 0.142885
1572.255005 0.487818 0.344920 0.142898
1571.144043 0.487839 0.344937 0.142902
1570.032959 0.487844 0.344941 0.142903
1568.921997 0.487858 0.344940 0.142918
1567.811035 0.487875 0.344949 0.142927
1566.700073 0.487891 0.344966 0.142925
1565.588989 0.487906 0.344972 0.142934
1564.478027 0.487925 0.344989 0.142936
1563.367065 0.487937 0.344998 0.142939
1562.255981 0.487958 0.345016 0.142942
1561.145020 0.487981 0.345041 0.142941
1560.034058 0.488001 0.345065 0.142937
1558.922974 0.488020 0.345070 0.142950
1557.812012 0.488036 0.345073 0.142963
1556.701050 0.488052 0.345078 0.142974
1555.589966 0.488074 0.345097 0.142978
1554.479004 0.488102 0.345123 0.142978
1553.368042 0.488123 0.345141 0.142982
1552.256958 0.488145 0.345163 0.142983
1551.145996 0.488167 0.345177 0.142990
1550.035034 0.488196 0.345204 0.142993
1548.924072 0.488216 0.345218 0.142999
1547.812988 0.488247 0.345241 0.143006
1546.702026 0.488278 0.345268 0.143011
1545.591064 0.488298 0.345290 0.143008
1544.479980 0.488324 0.345303 0.143021
1543.369019 0.488351 0.345330 0.143022
1542.258057 0.488383 0.345349 0.143034
1541.146973 0.488409 0.345364 0.143045
1540.036011 0.488438 0.345386 0.143051
1538.925049 0.488460 0.345396 0.143065
1537.813965 0.488488 0.345410 0.143078
1536.703003 0.488522 0.345438 0.143085
1535.592041 0.488558 0.345469 0.143088
1534.481079 0.488594 0.345502 0.143092
1533.369995 0.488631 0.345537 0.143095
1532.259033 0.488664 0.345559 0.143104
1531.148071 0.488694 0.345580 0.143114
1530.036987 0.488737 0.345611 0.143126
1528.926025 0.488767 0.345631 0.143136
1527.815063 0.488792 0.345648 0.143144
1526.703979 0.488821 0.345669 0.143152
1525.593018 0.488851 0.345694 0.143157
1524.482056 0.488882 0.345726 0.143157
1523.370972 0.488921 0.345747 0.143174
1522.260010 0.488954 0.345780 0.143174
1521.149048 0.488986 0.345800 0.143186
1520.037964 0.489012 0.345820 0.143192
1518.927002 0.489051 0.345852 0.143199
1517.816040 0.489084 0.345867 0.143217
1516.705078 0.489127 0.345899 0.143228
1515.593994 0.489165 0.345928 0.143237
1514.483032 0.489203 0.345956 0.143247
1513.372070 0.489240 0.345982 0.143258
1512.260986 0.489276 0.346007 0.143270
1511.150024 0.489307 0.346023 0.143284
1510.039063 0.489338 0.346040 0.143298
1508.927979 0.489378 0.346073 0.143305
1507.817017 0.489415 0.346100 0.143315
1506.706055 0.489455 0.346129 0.143326
1505.594971 0.489503 0.346169 0.143333
1504.484009 0.489547 0.346208 0.143339
1503.373047 0.489594 0.346241 0.143353
1502.261963 0.489631 0.346267 0.143365
1501.151001 0.489678 0.346311 0.143367
1500.040039 0.489717 0.346339 0.143379
1498.929077 0.489758 0.346372 0.143387
1497.817993 0.489800 0.346396 0.143404
1496.707031 0.489832 0.346421 0.143411
1495.596069 0.489876 0.346460 0.143417
1494.484985 0.489918 0.346492 0.143425
1493.374023 0.489954 0.346510 0.143444
1492.263062 0.489983 0.346539 0.143445
1491.151978 0.490015 0.346566 0.143449
1490.041016 0.490048 0.346590 0.143458
1488.930054 0.490080 0.346615 0.143465
1487.818970 0.490115 0.346645 0.143470
1486.708008 0.490150 0.346664 0.143486
1485.597046 0.490182 0.346687 0.143494
1484.485962 0.490209 0.346707 0.143502
1483.375000 0.490231 0.346717 0.143514
1482.264038 0.490244 0.346723 0.143521
1481.153076 0.490261 0.346730 0.143531
1480.041992 0.490295 0.346758 0.143537
1478.931030 0.490330 0.346784 0.143546
1477.820068 0.490355 0.346797 0.143557
1476.708984 0.490381 0.346810 0.143571
1475.598022 0.490412 0.346832 0.143580
1474.487061 0.490450 0.346864 0.143586
1473.375977 0.490482 0.346892 0.143590
1472.265015 0.490504 0.346907 0.143597
1471.154053 0.490529 0.346928 0.143601
1470.042969 0.490565 0.346952 0.143613
1468.932007 0.490599 0.346985 0.143614
1467.821045 0.490624 0.347008 0.143616
1466.710083 0.490648 0.347018 0.143630
1465.598999 0.490670 0.347035 0.143635
1464.488037 0.490686 0.347050 0.143636
1463.377075 0.490702 0.347061 0.143641
1462.265991 0.490710 0.347068 0.143642
1461.155029 0.490719 0.347077 0.143643
1460.044067 0.490754 0.347111 0.143643
1458.932983 0.490786 0.347138 0.143648
1457.822021 0.490779 0.347121 0.143658
1456.711060 0.490754 0.347091 0.143662
1455.599976 0.490757 0.347095 0.143662
1454.489014 0.490768 0.347109 0.143659
1453.378052 0.490760 0.347107 0.143653
1452.266968 0.490747 0.347087 0.143660
1451.156006 0.490732 0.347069 0.143663
1450.045044 0.490725 0.347070 0.143655
1448.934082 0.490709 0.347064 0.143645
1447.822998 0.490690 0.347041 0.143649
1446.712036 0.490675 0.347022 0.143654
1445.601074 0.490656 0.347005 0.143651
1444.489990 0.490638 0.346995 0.143643
1443.379028 0.490611 0.346971 0.143640
1442.268066 0.490589 0.346956 0.143633
1441.156982 0.490579 0.346946 0.143633
1440.046021 0.490566 0.346932 0.143633
1438.935059 0.490547 0.346922 0.143625
1437.823975 0.490521 0.346893 0.143627
1436.713013 0.490488 0.346872 0.143617
1435.602051 0.490467 0.346859 0.143608
1434.490967 0.490447 0.346851 0.143596
1433.380005 0.490432 0.346849 0.143583
1432.269043 0.490390 0.346820 0.143570
1431.158081 0.490337 0.346774 0.143562
1430.046997 0.490283 0.346732 0.143551
1428.936035 0.490246 0.346706 0.143540
1427.825073 0.490212 0.346672 0.143540
1426.713989 0.490178 0.346650 0.143529
1425.603027 0.490101 0.346593 0.143509
1424.492065 0.490042 0.346544 0.143497
1423.380981 0.489996 0.346509 0.143487
1422.270020 0.489950 0.346475 0.143474
1421.159058 0.489875 0.346416 0.143458
1420.047974 0.489787 0.346346 0.143442
1418.937012 0.489688 0.346268 0.143420
1417.826050 0.489602 0.346198 0.143403
1416.714966 0.489520 0.346126 0.143394
1415.604004 0.489420 0.346046 0.143374
1414.493042 0.489330 0.345970 0.143360
1413.382080 0.489266 0.345912 0.143353
1412.270996 0.489167 0.345821 0.143346
1411.160034 0.489025 0.345696 0.143329
1410.049072 0.488953 0.345637 0.143316
1408.937988 0.488906 0.345604 0.143303
1407.827026 0.488851 0.345560 0.143291
1406.716064 0.488712 0.345440 0.143273
1405.604980 0.488563 0.345322 0.143242
1404.494019 0.488472 0.345239 0.143234
1403.383057 0.488410 0.345199 0.143211
1402.271973 0.488337 0.345146 0.143191
1401.161011 0.488274 0.345093 0.143180
1400.050049 0.488180 0.345009 0.143171
1398.939087 0.488111 0.344950 0.143161
1397.828003 0.488051 0.344901 0.143151
1396.717041 0.487986 0.344849 0.143137
1395.606079 0.487913 0.344798 0.143114
1394.494995 0.487827 0.344729 0.143098
1393.384033 0.487729 0.344647 0.143082
1392.273071 0.487641 0.344586 0.143056
1391.161987 0.487557 0.344534 0.143023
1390.051025 0.487522 0.344515 0.143007
1388.940063 0.487531 0.344530 0.143001
1387.828979 0.487470 0.344481 0.142989
1386.718018 0.487413 0.344435 0.142979
1385.607056 0.487379 0.344417 0.142962
1384.495972 0.487400 0.344441 0.142959
1383.385010 0.487419 0.344456 0.142962
1382.274048 0.487371 0.344421 0.142950
1381.163086 0.487342 0.344389 0.142952
1380.052002 0.487290 0.344334 0.142955
1378.941040 0.487211 0.344268 0.142944
1377.830078 0.487186 0.344255 0.142931
1376.718994 0.487157 0.344234 0.142922
1375.608032 0.487119 0.344213 0.142906
1374.497070 0.487103 0.344205 0.142898
1373.385986 0.487055 0.344156 0.142899
1372.275024 0.487018 0.344127 0.142891
1371.164063 0.487044 0.344151 0.142892
1370.052979 0.487057 0.344159 0.142899
1368.942017 0.487052 0.344138 0.142914
1367.831055 0.487047 0.344135 0.142912
1366.719971 0.487016 0.344101 0.142915
1365.609009 0.487000 0.344079 0.142921
1364.498047 0.487005 0.344090 0.142915
1363.387085 0.487017 0.344099 0.142918
1362.276001 0.487030 0.344119 0.142910
1361.165039 0.487062 0.344154 0.142908
1360.054077 0.487117 0.344208 0.142909
1358.942993 0.487150 0.344239 0.142912
1357.832031 0.487219 0.344309 0.142910
1356.721069 0.487311 0.344397 0.142914
1355.609985 0.487375 0.344454 0.142921
1354.499023 0.487457 0.344529 0.142928
1353.388062 0.487552 0.344609 0.142943
1352.276978 0.487624 0.344672 0.142952
1351.166016 0.487745 0.344780 0.142965
1350.055054 0.487867 0.344892 0.142975
1348.943970 0.487948 0.344964 0.142984
1347.833008 0.488027 0.345037 0.142990
1346.722046 0.488113 0.345123 0.142990
1345.611084 0.488190 0.345193 0.142996
1344.500000 0.488274 0.345276 0.142997
1343.389038 0.488357 0.345353 0.143004
1342.278076 0.488418 0.345409 0.143009
1341.166992 0.488460 0.345456 0.143004
1340.056030 0.488500 0.345492 0.143008
1338.945068 0.488547 0.345532 0.143015
1337.833984 0.488584 0.345560 0.143024
1336.723022 0.488633 0.345607 0.143026
1335.612061 0.488664 0.345632 0.143033
1334.500977 0.488674 0.345637 0.143038
1333.390015 0.488700 0.345664 0.143035
1332.279053 0.488718 0.345678 0.143039
1331.167969 0.488735 0.345693 0.143042
1330.057007 0.488759 0.345714 0.143045
1328.946045 0.488771 0.345726 0.143045
1327.835083 0.488791 0.345744 0.143046
1326.723999 0.488820 0.345769 0.143051
1325.613037 0.488844 0.345791 0.143052
1324.502075 0.488863 0.345812 0.143052
1323.390991 0.488887 0.345831 0.143056
1322.280029 0.488913 0.345855 0.143059
1321.169067 0.488942 0.345880 0.143062
1320.057983 0.488959 0.345893 0.143065
1318.947021 0.488978 0.345906 0.143073
1317.836060 0.489009 0.345934 0.143075
1316.724976 0.489034 0.345959 0.143075
1315.614014 0.489058 0.345984 0.143074
1314.503052 0.489083 0.346003 0.143080
1313.392090 0.489100 0.346024 0.143076
1312.281006 0.489124 0.346042 0.143081
1311.170044 0.489136 0.346053 0.143084
1310.059082 0.489158 0.346070 0.143088
1308.947998 0.489175 0.346080 0.143094
1307.837036 0.489202 0.346112 0.143091
1306.726074 0.489234 0.346147 0.143087
1305.614990 0.489253 0.346167 0.143086
1304.504028 0.489270 0.346186 0.143083
1303.393066 0.489284 0.346197 0.143086
1302.281982 0.489300 0.346203 0.143097
1301.171021 0.489320 0.346220 0.143099
1300.060059 0.489335 0.346233 0.143102
1298.948975 0.489355 0.346255 0.143100
1297.838013 0.489376 0.346269 0.143107
1296.727051 0.489396 0.346279 0.143117
1295.616089 0.489416 0.346298 0.143118
1294.505005 0.489435 0.346309 0.143126
1293.394043 0.489458 0.346331 0.143127
1292.283081 0.489468 0.346331 0.143136
1291.171997 0.489491 0.346348 0.143144
1290.061035 0.489511 0.346371 0.143140
1288.950073 0.489547 0.346398 0.143149
1287.838989 0.489578 0.346426 0.143152
1286.728027 0.489605 0.346453 0.143151
1285.617065 0.489623 0.346462 0.143161
1284.505981 0.489650 0.346484 0.143166
1283.395020 0.489671 0.346494 0.143177
1282.284058 0.489696 0.346521 0.143175
1281.172974 0.489797 0.346611 0.143186
1280.062012 0.489893 0.346703 0.143190
1278.951050 0.489980 0.346783 0.143197
1277.840088 0.490073 0.346870 0.143203
1276.729004 0.490166 0.346951 0.143215
1275.618042 0.490271 0.347050 0.143221
1274.507080 0.490372 0.347152 0.143220
1273.395996 0.490467 0.347237 0.143230
1272.285034 0.490557 0.347325 0.143231
1271.174072 0.490648 0.347416 0.143232
1215.624023 0.490750 0.347521 0.143230
1214.513062 0.490848 0.347618 0.143229
1213.401978 0.490944 0.347712 0.143232
1212.291016 0.491031 0.347804 0.143227
1211.180054 0.491119 0.347895 0.143224
1210.069092 0.491204 0.347986 0.143218
1208.958008 0.491289 0.348071 0.143218
1207.847046 0.491377 0.348159 0.143218
1206.736084 0.491465 0.348255 0.143210
1205.625000 0.491554 0.348346 0.143208
1204.514038 0.491566 0.348369 0.143197
1203.403076 0.491577 0.348397 0.143181
1202.291992 0.491591 0.348425 0.143166
1201.181030 0.491600 0.348454 0.143146
1200.070068 0.491605 0.348485 0.143121
1198.958984 0.491606 0.348506 0.143100
1197.848022 0.491599 0.348522 0.143077
1196.737061 0.491597 0.348539 0.143058
1195.625977 0.491591 0.348564 0.143027
1194.515015 0.491584 0.348582 0.143002
1193.404053 0.491573 0.348603 0.142969
1192.293091 0.491555 0.348618 0.142937
1191.182007 0.491535 0.348636 0.142899
1190.071045 0.491508 0.348654 0.142854
1188.960083 0.491463 0.348664 0.142798
1187.848999 0.491407 0.348690 0.142717
1186.738037 0.491323 0.348711 0.142612
1185.627075 0.491214 0.348725 0.142489
1184.515991 0.491097 0.348746 0.142351
1183.405029 0.490949 0.348754 0.142196
1182.294067 0.490798 0.348772 0.142026
1181.182983 0.490626 0.348790 0.141836
1180.072021 0.490442 0.348805 0.141637
1178.961060 0.490232 0.348809 0.141423
1177.850098 0.490008 0.348812 0.141195
1176.739014 0.489760 0.348823 0.140938
1175.628052 0.489506 0.348834 0.140672
1174.517090 0.489235 0.348848 0.140386
1173.406006 0.488945 0.348858 0.140088
1172.295044 0.488635 0.348867 0.139768
1171.184082 0.488308 0.348881 0.139426
1170.072998 0.487956 0.348883 0.139073
1168.962036 0.487592 0.348891 0.138701
1167.851074 0.487212 0.348897 0.138315
1166.739990 0.486819 0.348908 0.137911
1165.629028 0.486411 0.348900 0.137512
1164.518066 0.486010 0.348901 0.137109
1163.406982 0.485602 0.348898 0.136705
1162.296021 0.485186 0.348897 0.136290
1161.185059 0.484755 0.348886 0.135868
1160.074097 0.484303 0.348869 0.135434
1158.963013 0.483851 0.348856 0.134995
1157.852051 0.483374 0.348841 0.134533
1156.741089 0.482894 0.348828 0.134066
1155.630005 0.482400 0.348813 0.133587
1154.519043 0.481911 0.348807 0.133104
1153.408081 0.481405 0.348799 0.132607
1152.296997 0.480872 0.348779 0.132093
1151.186035 0.480335 0.348763 0.131572
1150.075073 0.479779 0.348739 0.131040
1148.963989 0.479215 0.348712 0.130503
1147.853027 0.478644 0.348699 0.129944
1146.742065 0.478044 0.348667 0.129377
1145.630981 0.477416 0.348633 0.128783
1144.520020 0.476783 0.348596 0.128187
1143.409058 0.476162 0.348583 0.127580
1142.298096 0.475526 0.348568 0.126959
1141.187012 0.474870 0.348549 0.126321
1140.076050 0.474193 0.348526 0.125667
1138.965088 0.473514 0.348514 0.125000
1137.854004 0.472822 0.348504 0.124318
1136.743042 0.472105 0.348479 0.123626
1135.632080 0.471385 0.348461 0.122924
1134.520996 0.470648 0.348445 0.122203
1133.410034 0.469889 0.348416 0.121473
1132.299072 0.469111 0.348378 0.120733
1131.187988 0.468324 0.348354 0.119970
1130.077026 0.467528 0.348333 0.119195
1128.966064 0.466718 0.348316 0.118401
1127.854980 0.465894 0.348295 0.117599
1126.744019 0.465051 0.348279 0.116772
1125.633057 0.464194 0.348261 0.115933
1124.522095 0.463336 0.348256 0.115080
1123.411011 0.462482 0.348252 0.114230
1122.300049 0.461605 0.348244 0.113361
1121.189087 0.460694 0.348233 0.112461
1120.078003 0.459770 0.348215 0.111554
1118.967041 0.458834 0.348207 0.110628
1117.856079 0.457885 0.348175 0.109709
1116.744995 0.456915 0.348149 0.108766
1115.634033 0.455934 0.348120 0.107815
1114.523071 0.454942 0.348104 0.106839
1113.411987 0.453925 0.348067 0.105859
1112.301025 0.452904 0.348043 0.104862
1111.190063 0.451875 0.348026 0.103849
1110.079102 0.450818 0.348001 0.102817
1108.968018 0.449745 0.347973 0.101772
1107.857056 0.448655 0.347945 0.100710
1106.746094 0.447537 0.347910 0.099626
1105.635010 0.446400 0.347877 0.098523
1104.524048 0.445250 0.347844 0.097406
1103.413086 0.444074 0.347804 0.096270
1102.302002 0.442877 0.347749 0.095129
1101.191040 0.441666 0.347706 0.093960
1100.080078 0.440439 0.347667 0.092772
1098.968994 0.439195 0.347607 0.091588
1097.858032 0.437929 0.347557 0.090372
1096.747070 0.436648 0.347495 0.089153
1095.635986 0.435354 0.347457 0.087897
1094.525024 0.434044 0.347408 0.086636
1093.414063 0.432712 0.347353 0.085360
1092.303101 0.431360 0.347295 0.084065
1091.192017 0.430000 0.347243 0.082757
1090.081055 0.428611 0.347185 0.081427
1088.970093 0.427207 0.347123 0.080084
1087.859009 0.425785 0.347066 0.078718
1086.748047 0.424342 0.346999 0.077343
1085.637085 0.422903 0.346943 0.075961
1084.526001 0.421447 0.346875 0.074573
1083.415039 0.419983 0.346810 0.073173
1082.304077 0.418498 0.346747 0.071752
1081.192993 0.417019 0.346685 0.070334
1080.082031 0.415520 0.346626 0.068893
1078.971069 0.414012 0.346556 0.067457
1077.859985 0.412491 0.346478 0.066012
1076.749023 0.410954 0.346403 0.064550
1075.638062 0.409404 0.346319 0.063086
1074.527100 0.407844 0.346254 0.061591
1073.416016 0.406260 0.346182 0.060078
1072.305054 0.404632 0.346101 0.058531
1071.194092 0.402963 0.346024 0.056939
1070.083008 0.401263 0.345943 0.055320
1068.972046 0.399523 0.345868 0.053655
1067.861084 0.397758 0.345776 0.051982
1066.750000 0.395972 0.345697 0.050275
1065.639038 0.394180 0.345617 0.048564
1064.528076 0.392366 0.345523 0.046843
1063.416992 0.390535 0.345421 0.045114
1062.306030 0.388708 0.345325 0.043383
1061.195068 0.386873 0.345228 0.041646
1060.083984 0.385042 0.345133 0.039909
1058.973022 0.383208 0.345037 0.038171
1057.862061 0.381391 0.344949 0.036442
1056.751099 0.379572 0.344862 0.034710
1055.640015 0.377770 0.344782 0.032988
1054.529053 0.375993 0.344703 0.031290
1053.418091 0.374229 0.344616 0.029613
1052.307007 0.372495 0.344527 0.027968
1051.196045 0.370801 0.344430 0.026371
1050.085083 0.369178 0.344358 0.024820
1048.973999 0.367622 0.344290 0.023332
1047.863037 0.366128 0.344218 0.021910
1046.752075 0.364714 0.344160 0.020553
1045.640991 0.363360 0.344106 0.019254
1044.530029 0.362063 0.344049 0.018014
1043.419067 0.360820 0.343992 0.016828
1042.308105 0.359650 0.343951 0.015699
1041.197021 0.358536 0.343924 0.014612
1040.086060 0.357475 0.343894 0.013580
1038.975098 0.356479 0.343868 0.012610
1037.864014 0.355540 0.343848 0.011693
1036.753052 0.354652 0.343821 0.010831
1035.642090 0.353824 0.343809 0.010015
1034.531006 0.353055 0.343800 0.009255
1033.420044 0.352339 0.343793 0.008546
1032.309082 0.351671 0.343790 0.007881
1031.197998 0.351060 0.343805 0.007255
1030.087036 0.350496 0.343819 0.006676
1028.976074 0.349971 0.343837 0.006134
1027.864990 0.349495 0.343855 0.005640
1026.754028 0.349064 0.343879 0.005185
1025.643066 0.348672 0.343916 0.004756
1024.532104 0.348313 0.343946 0.004367
1023.421021 0.347992 0.343975 0.004018
1022.310059 0.347711 0.344014 0.003697
1021.199036 0.347454 0.344050 0.003404
1020.088074 0.347231 0.344095 0.003135
1018.977051 0.347038 0.344142 0.002896
1017.866028 0.346869 0.344191 0.002678
1016.755066 0.346723 0.344248 0.002475
1015.644043 0.346593 0.344290 0.002303
1014.533020 0.346494 0.344355 0.002139
1013.422058 0.346402 0.344411 0.001991
1012.311035 0.346326 0.344465 0.001861
1011.200073 0.346266 0.344517 0.001748
1010.089050 0.346221 0.344570 0.001651
1008.978027 0.346196 0.344631 0.001565
1007.867065 0.346173 0.344690 0.001482
1006.756042 0.346171 0.344755 0.001416
1005.645020 0.346168 0.344819 0.001350
1004.534058 0.346178 0.344878 0.001301
1003.423035 0.346193 0.344940 0.001254
1002.312073 0.346214 0.344999 0.001215
1001.201050 0.346247 0.345074 0.001173
1000.090027 0.346286 0.345156 0.001130
998.979065 0.346336 0.345232 0.001103
997.868042 0.346376 0.345302 0.001074
996.757019 0.346409 0.345353 0.001056
995.646057 0.346457 0.345418 0.001039
994.535034 0.346499 0.345478 0.001021
993.424072 0.346561 0.345558 0.001002
992.313049 0.346617 0.345628 0.000989
991.202026 0.346677 0.345702 0.000975
990.091065 0.346737 0.345769 0.000968
988.980041 0.346804 0.345848 0.000956
987.869019 0.346862 0.345919 0.000942
986.758057 0.346921 0.345989 0.000932
985.647034 0.346992 0.346062 0.000930
984.536072 0.347053 0.346133 0.000921
983.425049 0.347127 0.346207 0.000920
982.314026 0.347188 0.346274 0.000914
981.203064 0.347251 0.346334 0.000917
980.092041 0.347325 0.346412 0.000914
978.981018 0.347388 0.346480 0.000909
977.870056 0.347453 0.346538 0.000915
976.759033 0.347509 0.346599 0.000910
975.648071 0.347583 0.346669 0.000913
974.537048 0.347665 0.346757 0.000908
973.426025 0.347741 0.346837 0.000904
972.315063 0.347822 0.346922 0.000900
971.204041 0.347896 0.346996 0.000899
970.093079 0.347961 0.347061 0.000900
968.982056 0.348033 0.347130 0.000903
967.871033 0.348108 0.347216 0.000892
966.760071 0.348181 0.347294 0.000887
965.649048 0.348265 0.347373 0.000891
964.538025 0.348343 0.347461 0.000882
963.427063 0.348422 0.347545 0.000877
962.316040 0.348503 0.347626 0.000877
961.205078 0.348578 0.347704 0.000875
960.094055 0.348661 0.347786 0.000875
958.983032 0.348746 0.347878 0.000868
957.872070 0.348822 0.347963 0.000859
956.761047 0.348905 0.348047 0.000858
955.650024 0.348992 0.348128 0.000863
954.539063 0.349079 0.348224 0.000855
953.428040 0.349161 0.348313 0.000848
952.317078 0.349248 0.348399 0.000850
951.206055 0.349327 0.348474 0.000852
950.095032 0.349404 0.348549 0.000855
948.984070 0.349476 0.348623 0.000853
947.873047 0.349555 0.348700 0.000855
946.762024 0.349631 0.348779 0.000852
945.651062 0.349718 0.348854 0.000864
944.540039 0.349793 0.348924 0.000869
943.429077 0.349871 0.349012 0.000859
942.318054 0.349961 0.349085 0.000876
941.207031 0.350041 0.349163 0.000878
940.096069 0.350123 0.349240 0.000882
938.985046 0.350212 0.349330 0.000882
937.874023 0.350296 0.349422 0.000874
936.763062 0.350386 0.349513 0.000872
935.652039 0.350477 0.349593 0.000885
934.541077 0.350572 0.349696 0.000876
933.430054 0.350649 0.349775 0.000874
932.319031 0.350742 0.349860 0.000883
931.208069 0.350833 0.349955 0.000877
930.097046 0.350910 0.350034 0.000876
928.986023 0.350997 0.350127 0.000870
927.875061 0.351087 0.350215 0.000872
926.764038 0.351185 0.350300 0.000884
925.653076 0.351280 0.350389 0.000891
924.542053 0.351384 0.350487 0.000898
923.431030 0.351472 0.350567 0.000904
922.320068 0.351568 0.350661 0.000908
921.209045 0.351671 0.350759 0.000912
920.098022 0.351755 0.350853 0.000902
918.987060 0.351846 0.350934 0.000911
917.876038 0.351935 0.351025 0.000911
916.765076 0.352014 0.351100 0.000914
915.654053 0.352105 0.351188 0.000917
914.543030 0.352204 0.351290 0.000914
913.432068 0.352284 0.351375 0.000909
912.321045 0.352367 0.351448 0.000919
911.210022 0.352465 0.351550 0.000916
910.099060 0.352550 0.351634 0.000916
908.988037 0.353134 0.352458 0.000676
907.877075 0.352175 0.350879 0.001296
906.766052 0.351238 0.350413 0.000825
905.655029 0.352128 0.351116 0.001013
904.544067 0.351925 0.350901 0.001024
903.433044 0.351652 0.350204 0.001448
902.322082 0.352401 0.351330 0.001071
901.211060 0.351970 0.350861 0.001109
900.100037 0.351870 0.350544 0.001326
898.989075 0.352337 0.351240 0.001097
897.878052 0.352550 0.351452 0.001098
896.767029 0.352575 0.351148 0.001426
895.656067 0.352730 0.351430 0.001300
894.545044 0.352766 0.351846 0.000920
893.434082 0.353074 0.352178 0.000896
892.323059 0.353087 0.352033 0.001054
891.212036 0.353304 0.352453 0.000851
890.101074 0.353456 0.352509 0.000947
888.990051 0.353402 0.352512 0.000890
887.879028 0.353855 0.353069 0.000786
886.768066 0.353638 0.352424 0.001213
885.657043 0.354600 0.354029 0.000571
884.546082 0.355826 0.354778 0.001048
883.435059 0.355385 0.354519 0.000866
882.324036 0.355709 0.354929 0.000779
881.213074 0.356310 0.355929 0.000381
880.102051 0.355853 0.354995 0.000858
878.991028 0.356489 0.355710 0.000779
877.880066 0.357019 0.356454 0.000565
876.769043 0.356894 0.356111 0.000783
875.658081 0.356985 0.356307 0.000678
874.547058 0.357183 0.356819 0.000363
873.436035 0.357304 0.356848 0.000457
872.325073 0.357454 0.356665 0.000789
871.214050 0.357312 0.356489 0.000823
870.103027 0.357601 0.356893 0.000707
868.992065 0.357704 0.356825 0.000879
867.881043 0.357751 0.356976 0.000775
866.770081 0.358085 0.357181 0.000904
865.659058 0.357852 0.356905 0.000947
864.548035 0.357752 0.356968 0.000784
863.437073 0.358175 0.357382 0.000793
862.326050 0.358275 0.357541 0.000734
861.215027 0.358139 0.357407 0.000733
860.104065 0.358346 0.357548 0.000798
858.993042 0.358364 0.357622 0.000742
857.882080 0.358401 0.357781 0.000619
856.771057 0.358539 0.357895 0.000644
855.660034 0.358488 0.357844 0.000644
854.549072 0.358498 0.357834 0.000664
853.438049 0.358544 0.357753 0.000791
852.327026 0.358681 0.357911 0.000770
851.216065 0.358758 0.357976 0.000782
850.105041 0.358947 0.358099 0.000848
848.994080 0.359161 0.358334 0.000827
847.883057 0.359200 0.358407 0.000793
846.772034 0.359210 0.358386 0.000825
845.661072 0.359385 0.358541 0.000844
844.550049 0.359511 0.358740 0.000772
843.439026 0.359649 0.358835 0.000815
842.328064 0.359839 0.359056 0.000783
841.217041 0.359881 0.359111 0.000770
840.106079 0.359970 0.359160 0.000810
838.995056 0.360132 0.359315 0.000817
837.884033 0.360268 0.359439 0.000829
836.773071 0.360387 0.359551 0.000836
835.662048 0.360537 0.359687 0.000850
834.551025 0.360618 0.359764 0.000854
833.440063 0.360708 0.359859 0.000849
832.329041 0.360824 0.359991 0.000833
831.218079 0.360944 0.360128 0.000816
830.107056 0.361063 0.360269 0.000794
828.996033 0.361162 0.360351 0.000811
827.885071 0.361258 0.360449 0.000809
826.774048 0.361383 0.360589 0.000794
825.663086 0.361492 0.360700 0.000792
824.552063 0.361674 0.360871 0.000803
823.441040 0.361745 0.360954 0.000791
822.330078 0.361798 0.361007 0.000790
821.219055 0.361903 0.361094 0.000809
820.108032 0.362025 0.361201 0.000824
818.997070 0.362131 0.361299 0.000832
817.886047 0.362241 0.361380 0.000861
816.775085 0.362357 0.361502 0.000855
815.664063 0.362442 0.361624 0.000818
814.553040 0.362555 0.361741 0.000813
813.442078 0.362594 0.361791 0.000803
812.331055 0.362748 0.361951 0.000798
811.220032 0.362847 0.362059 0.000788
810.109070 0.362929 0.362166 0.000763
808.998047 0.362856 0.362115 0.000742
807.887085 0.362795 0.362015 0.000781
806.776062 0.362828 0.362054 0.000774
805.665039 0.362783 0.362051 0.000733
804.554077 0.362719 0.361933 0.000787
803.443054 0.362671 0.361874 0.000797
802.332031 0.362618 0.361794 0.000824
801.221069 0.362590 0.361763 0.000827
800.110046 0.362474 0.361663 0.000811
798.999084 0.362431 0.361614 0.000817
797.888000 0.362364 0.361548 0.000816
796.776978 0.362318 0.361475 0.000844
795.666016 0.362245 0.361407 0.000838
794.554993 0.362243 0.361423 0.000820
793.444031 0.362206 0.361401 0.000805
792.333008 0.362072 0.361214 0.000858
791.221985 0.362041 0.361127 0.000914
790.111023 0.361933 0.361033 0.000900
789.000000 0.361868 0.360940 0.000928
787.888977 0.361769 0.360766 0.001003
786.778015 0.361852 0.360864 0.000988
785.666992 0.362010 0.361046 0.000964
784.556030 0.362134 0.361170 0.000964
783.445007 0.362255 0.361292 0.000963
782.333984 0.362383 0.361433 0.000949
781.223022 0.362500 0.361545 0.000955
780.112000 0.362628 0.361743 0.000885
779.000977 0.362742 0.361860 0.000882
777.890015 0.362971 0.362058 0.000913
776.778992 0.363107 0.362215 0.000892
775.668030 0.363248 0.362359 0.000889
774.557007 0.363292 0.362383 0.000908
773.445984 0.363443 0.362556 0.000887
772.335022 0.363524 0.362636 0.000889
771.223999 0.363690 0.362743 0.000947
770.112976 0.363943 0.363030 0.000913
769.002014 0.364141 0.363263 0.000878
767.890991 0.364326 0.363418 0.000908
766.780029 0.364470 0.363579 0.000891
765.669006 0.364637 0.363806 0.000831
764.557983 0.364802 0.363922 0.000879
763.447022 0.364928 0.364061 0.000867
762.335998 0.365017 0.364153 0.000864
761.224976 0.365117 0.364220 0.000897
760.114014 0.365217 0.364327 0.000890
759.002991 0.365373 0.364482 0.000891
757.892029 0.365519 0.364604 0.000915
756.781006 0.365701 0.364787 0.000914
755.669983 0.365833 0.364913 0.000920
754.559021 0.366002 0.365072 0.000930
753.447998 0.366111 0.365200 0.000911
752.336975 0.366398 0.365497 0.000901
751.226013 0.366557 0.365639 0.000918
750.114990 0.366665 0.365724 0.000940
749.004028 0.366839 0.365921 0.000918
747.893005 0.366960 0.366025 0.000935
746.781982 0.367093 0.366166 0.000927
745.671021 0.367290 0.366361 0.000929
744.559998 0.367458 0.366524 0.000934
743.448975 0.367648 0.366710 0.000937
742.338013 0.367817 0.366888 0.000929
741.226990 0.367904 0.366959 0.000944
740.116028 0.368029 0.367074 0.000955
739.005005 0.368224 0.367265 0.000959
737.893982 0.368401 0.367436 0.000966
736.783020 0.368569 0.367627 0.000942
735.671997 0.368729 0.367783 0.000945
734.560974 0.368932 0.367982 0.000950
733.450012 0.369086 0.368149 0.000937
732.338989 0.369192 0.368249 0.000943
731.228027 0.369405 0.368434 0.000971
730.117004 0.369547 0.368601 0.000945
729.005981 0.369674 0.368725 0.000948
727.895019 0.369884 0.368956 0.000928
726.783997 0.370003 0.369053 0.000949
725.673035 0.370186 0.369239 0.000947
724.562012 0.370371 0.369425 0.000947
723.450989 0.370499 0.369567 0.000931
722.340027 0.370669 0.369739 0.000931
721.229004 0.370845 0.369885 0.000959
720.117981 0.371029 0.370077 0.000953
719.007019 0.371250 0.370292 0.000958
717.895996 0.371483 0.370528 0.000955
716.785034 0.371663 0.370718 0.000946
715.674011 0.371848 0.370914 0.000933
714.562988 0.372019 0.371074 0.000945
713.452026 0.372200 0.371255 0.000945
712.341003 0.372312 0.371366 0.000945
711.229981 0.372518 0.371582 0.000936
710.119019 0.372733 0.371791 0.000943
709.007996 0.372902 0.371960 0.000942
707.897034 0.373089 0.372137 0.000952
706.786011 0.373319 0.372381 0.000938
705.674988 0.373484 0.372531 0.000953
704.564026 0.373685 0.372753 0.000933
703.453003 0.373863 0.372937 0.000926
702.341980 0.374058 0.373121 0.000937
701.231018 0.374240 0.373297 0.000943
700.119995 0.374459 0.373524 0.000935
699.009033 0.374674 0.373750 0.000925
697.898010 0.374880 0.373953 0.000927
696.786987 0.375099 0.374173 0.000927
695.676025 0.375279 0.374348 0.000931
694.565002 0.375508 0.374575 0.000933
693.453979 0.375718 0.374780 0.000938
692.343018 0.375929 0.374991 0.000938
691.231995 0.376094 0.375151 0.000943
690.121033 0.376310 0.375358 0.000952
689.010010 0.376518 0.375558 0.000959
687.898987 0.376742 0.375783 0.000959
686.788025 0.376947 0.375987 0.000960
685.677002 0.377144 0.376184 0.000960
684.565979 0.377364 0.376397 0.000967
683.455017 0.377579 0.376619 0.000960
682.343994 0.377801 0.376829 0.000971
681.233032 0.378037 0.377070 0.000967
680.122009 0.378261 0.377292 0.000968
679.010986 0.378509 0.377538 0.000971
677.900024 0.378729 0.377750 0.000979
676.789002 0.378961 0.377981 0.000980
675.677978 0.379224 0.378233 0.000990
674.567017 0.379453 0.378460 0.000993
673.455994 0.379691 0.378694 0.000997
672.345032 0.379901 0.378902 0.000999
671.234009 0.380118 0.379117 0.001000
670.122986 0.380378 0.379374 0.001004
669.012024 0.380652 0.379640 0.001012
667.901001 0.380895 0.379895 0.001000
666.789978 0.381139 0.380136 0.001004
665.679016 0.381405 0.380404 0.001001
664.567993 0.381666 0.380666 0.001000
663.457031 0.381922 0.380921 0.001002
662.346008 0.382162 0.381148 0.001014
661.234985 0.382456 0.381443 0.001014
660.124023 0.382729 0.381719 0.001010
659.013000 0.382968 0.381958 0.001010
657.901978 0.383198 0.382189 0.001009
656.791016 0.383460 0.382447 0.001013
655.679993 0.383724 0.382722 0.001001
654.569031 0.383987 0.382982 0.001005
653.458008 0.384246 0.383251 0.000996
652.346985 0.384528 0.383531 0.000997
651.236023 0.384783 0.383789 0.000994
650.125000 0.385082 0.384090 0.000991
649.014038 0.385374 0.384385 0.000989
647.903015 0.385649 0.384660 0.000989
646.791992 0.385897 0.384913 0.000985
645.681030 0.386202 0.385211 0.000990
644.570007 0.386465 0.385480 0.000985
643.458984 0.386729 0.385742 0.000987
642.348022 0.387026 0.386037 0.000989
641.237000 0.387313 0.386319 0.000993
640.126038 0.387614 0.386626 0.000988
639.015015 0.387865 0.386874 0.000991
637.903992 0.388133 0.387142 0.000991
636.793030 0.388430 0.387438 0.000993
635.682007 0.388717 0.387717 0.001000
634.570984 0.389018 0.388021 0.000997
633.460022 0.389330 0.388316 0.001014
632.348999 0.389612 0.388597 0.001016
631.238037 0.389866 0.388848 0.001018
630.127014 0.390117 0.389097 0.001020
629.015991 0.390390 0.389366 0.001023
627.905029 0.390673 0.389638 0.001035
626.794006 0.390961 0.389924 0.001036
625.682983 0.391261 0.390230 0.001031
624.572022 0.391556 0.390523 0.001032
623.460998 0.391828 0.390794 0.001034
622.350037 0.392118 0.391084 0.001034
621.239014 0.392381 0.391343 0.001038
620.127991 0.392634 0.391591 0.001043
619.017029 0.392885 0.391846 0.001039
617.906006 0.393128 0.392092 0.001036
616.794983 0.393413 0.392369 0.001043
615.684021 0.393655 0.392617 0.001038
614.572998 0.393928 0.392893 0.001035
613.462036 0.394214 0.393173 0.001041
612.351013 0.394483 0.393446 0.001037
611.239990 0.394758 0.393723 0.001035
610.129028 0.395048 0.394017 0.001031
609.018005 0.395334 0.394298 0.001036
607.906982 0.395636 0.394607 0.001029
606.796021 0.395948 0.394921 0.001028
605.684998 0.396237 0.395217 0.001019
604.574036 0.396495 0.395476 0.001019
603.463013 0.396781 0.395755 0.001026
602.351990 0.397071 0.396035 0.001036
601.241028 0.397393 0.396355 0.001038
600.130005 0.397694 0.396658 0.001036
599.018982 0.398032 0.396992 0.001040
597.908020 0.398383 0.397352 0.001031
596.796997 0.398732 0.397694 0.001038
595.686035 0.399098 0.398053 0.001045
594.575012 0.399472 0.398429 0.001042
593.463989 0.399884 0.398836 0.001048
592.353027 0.400262 0.399209 0.001054
591.242004 0.400651 0.399610 0.001041
590.130981 0.401005 0.399952 0.001053
589.020019 0.401366 0.400320 0.001046
587.908997 0.401765 0.400719 0.001046
586.798035 0.402150 0.401100 0.001049
585.687012 0.402546 0.401498 0.001049
584.575989 0.402937 0.401884 0.001053
583.465027 0.403342 0.402278 0.001063
582.354004 0.403784 0.402718 0.001066
581.243042 0.404195 0.403134 0.001061
580.132019 0.404621 0.403572 0.001049
579.020996 0.405008 0.403954 0.001053
577.910034 0.405437 0.404381 0.001055
576.799011 0.405864 0.404831 0.001034
575.687988 0.406285 0.405241 0.001044
574.577026 0.406686 0.405630 0.001056
573.466003 0.407098 0.406046 0.001052
572.355041 0.407498 0.406449 0.001049
571.244019 0.407878 0.406834 0.001044
570.132996 0.408280 0.407233 0.001047
569.022034 0.408697 0.407653 0.001044
567.911011 0.409156 0.408116 0.001041
566.799988 0.409600 0.408567 0.001033
565.689026 0.409992 0.408950 0.001042
564.578003 0.410407 0.409368 0.001039
563.467041 0.410788 0.409736 0.001051
562.356018 0.411207 0.410152 0.001055
561.244995 0.411622 0.410570 0.001051
560.134033 0.412007 0.410956 0.001051
559.023010 0.412381 0.411325 0.001056
557.911987 0.412798 0.411746 0.001053
556.801025 0.413251 0.412206 0.001045
555.690002 0.413638 0.412584 0.001054
554.579041 0.414037 0.412965 0.001072
553.468018 0.414416 0.413334 0.001081
552.356995 0.414842 0.413780 0.001062
551.246033 0.415266 0.414202 0.001064
550.135010 0.415687 0.414631 0.001056
549.023987 0.416126 0.415054 0.001073
547.913025 0.416548 0.415478 0.001070
546.802002 0.416983 0.415905 0.001078
545.691040 0.417412 0.416337 0.001076
544.580017 0.417790 0.416686 0.001104
543.468994 0.418250 0.417145 0.001105
542.358032 0.418712 0.417596 0.001116
541.247009 0.419212 0.418100 0.001112
540.135986 0.419671 0.418571 0.001100
539.025024 0.420131 0.419027 0.001104
537.914002 0.420614 0.419502 0.001112
536.803040 0.421077 0.419973 0.001104
535.692017 0.421543 0.420430 0.001114
534.580994 0.421986 0.420869 0.001117
533.470032 0.422463 0.421350 0.001113
532.359009 0.422947 0.421832 0.001115
531.247986 0.423464 0.422350 0.001114
530.137024 0.423994 0.422874 0.001120
529.026001 0.424486 0.423356 0.001130
527.915039 0.424983 0.423836 0.001147
526.804016 0.425490 0.424348 0.001142
525.692993 0.426040 0.424889 0.001151
524.582031 0.426541 0.425390 0.001150
523.471008 0.427085 0.425921 0.001164
522.359985 0.427674 0.426518 0.001156
521.249023 0.428208 0.427056 0.001151
520.138000 0.428778 0.427628 0.001150
519.027039 0.429328 0.428168 0.001160
517.916016 0.429867 0.428697 0.001170
516.804993 0.430441 0.429261 0.001180
515.694031 0.431023 0.429842 0.001181
514.583008 0.431619 0.430418 0.001201
513.472046 0.432172 0.430972 0.001200
512.361023 0.432769 0.431558 0.001211
511.250030 0.433410 0.432191 0.001220
510.139008 0.433999 0.432789 0.001210
509.028015 0.434629 0.433425 0.001204
507.917023 0.435237 0.434029 0.001209
506.806030 0.435880 0.434675 0.001205
505.695007 0.436533 0.435309 0.001223
504.584015 0.437179 0.435949 0.001230
503.473023 0.437795 0.436562 0.001233
502.362030 0.438423 0.437186 0.001237
501.251007 0.439061 0.437827 0.001234
500.140015 0.439686 0.438455 0.001231
499.029022 0.440389 0.439144 0.001245
497.918030 0.441078 0.439838 0.001240
496.807007 0.441794 0.440568 0.001226
495.696014 0.442500 0.441260 0.001240
494.585022 0.443185 0.441935 0.001250
493.474029 0.443877 0.442631 0.001246
492.363007 0.444602 0.443364 0.001238
491.252014 0.445370 0.444116 0.001254
490.141022 0.446146 0.444893 0.001254
489.030029 0.446907 0.445649 0.001259
487.919006 0.447700 0.446425 0.001275
486.808014 0.448446 0.447159 0.001287
485.697022 0.449220 0.447926 0.001294
484.586029 0.449988 0.448698 0.001290
483.475006 0.450789 0.449514 0.001276
482.364014 0.451630 0.450343 0.001288
481.253021 0.452469 0.451188 0.001281
480.142029 0.453319 0.452037 0.001282
479.031006 0.454172 0.452882 0.001290
477.920013 0.455083 0.453792 0.001291
476.809021 0.455892 0.454610 0.001283
475.698029 0.456758 0.455461 0.001297
474.587006 0.457568 0.456255 0.001313
473.476013 0.458447 0.457141 0.001306
472.365021 0.459374 0.458073 0.001301
471.254028 0.460285 0.458981 0.001304
470.143005 0.461200 0.459880 0.001321
469.032013 0.462153 0.460844 0.001309
467.921020 0.463083 0.461759 0.001324
466.810028 0.464034 0.462718 0.001316
465.699005 0.464992 0.463680 0.001311
464.588013 0.466033 0.464717 0.001316
463.477020 0.467037 0.465721 0.001316
462.366028 0.468102 0.466778 0.001324
461.255005 0.469132 0.467797 0.001335
460.144012 0.470173 0.468854 0.001319
459.033020 0.471244 0.469899 0.001345
457.922028 0.472352 0.470976 0.001376
456.811005 0.473467 0.472106 0.001361
455.700012 0.474537 0.473159 0.001378
454.589020 0.475701 0.474308 0.001393
453.478027 0.476866 0.475463 0.001403
452.367004 0.478066 0.476655 0.001411
451.256012 0.479286 0.477856 0.001429
450.145019 0.480484 0.479061 0.001422
449.034027 0.481748 0.480305 0.001443
447.923004 0.483012 0.481568 0.001444
446.812012 0.484238 0.482769 0.001468
445.701019 0.485508 0.484038 0.001470
444.590027 0.486812 0.485317 0.001494
443.479004 0.488149 0.486649 0.001500
442.368012 0.489478 0.487988 0.001490
441.257019 0.490862 0.489378 0.001484
440.146027 0.492244 0.490742 0.001501
439.035034 0.493626 0.492122 0.001504
437.924011 0.495059 0.493574 0.001485
436.813019 0.496623 0.495138 0.001485
435.702026 0.498127 0.496654 0.001473
434.591034 0.499721 0.498221 0.001500
433.480011 0.501327 0.499843 0.001484
432.369019 0.502926 0.501434 0.001492
431.258026 0.504517 0.503048 0.001470
430.147034 0.506169 0.504677 0.001492
429.036011 0.507823 0.506306 0.001518
427.925018 0.509557 0.508032 0.001526
426.814026 0.511322 0.509786 0.001536
425.703033 0.513143 0.511552 0.001591
424.592011 0.514988 0.513367 0.001621
423.481018 0.516877 0.515283 0.001594
422.370026 0.518798 0.517200 0.001598
421.259033 0.520734 0.519096 0.001638
420.148010 0.522727 0.521071 0.001656
419.037018 0.524768 0.523060 0.001708
417.926025 0.526847 0.525136 0.001710
416.815033 0.528979 0.527233 0.001746
415.704010 0.531186 0.529389 0.001797
414.593018 0.533295 0.531458 0.001837
413.482025 0.535615 0.533754 0.001861
412.371033 0.537929 0.536028 0.001901
411.260010 0.540390 0.538451 0.001939
410.149017 0.542854 0.540887 0.001967
409.038025 0.545349 0.543342 0.002007
407.927032 0.547954 0.545943 0.002011
406.816010 0.550607 0.548584 0.002023
405.705017 0.553365 0.551298 0.002067
404.594025 0.556146 0.554080 0.002066
403.483032 0.558997 0.556904 0.002093
402.372009 0.562018 0.559909 0.002109
401.261017 0.565097 0.562944 0.002153
400.150024 0.568228 0.566033 0.002195
399.039032 0.571494 0.569286 0.002208
397.928009 0.574835 0.572634 0.002201
396.817017 0.578347 0.576138 0.002210
395.706024 0.581992 0.579684 0.002307
394.595032 0.585811 0.583452 0.002359
393.484009 0.589630 0.587230 0.002401
392.373016 0.593652 0.591205 0.002447
391.262024 0.597833 0.595330 0.002503
390.151031 0.602192 0.599669 0.002523
389.040008 0.606678 0.604088 0.002590
387.929016 0.611336 0.608686 0.002650
386.818024 0.616217 0.613496 0.002721
385.707031 0.621116 0.618295 0.002821
384.596008 0.626293 0.623408 0.002885
383.485016 0.631322 0.628337 0.002985
382.374023 0.636422 0.633333 0.003089
381.263031 0.641583 0.638411 0.003171
380.152008 0.646706 0.643455 0.003252
379.041016 0.651679 0.648355 0.003324
377.930023 0.656520 0.653164 0.003356
376.819031 0.661309 0.657899 0.003409
375.708008 0.665924 0.662391 0.003533
374.597015 0.669963 0.666407 0.003556
373.486023 0.673722 0.670035 0.003687
372.375030 0.677147 0.673360 0.003788
371.264038 0.680412 0.676595 0.003816
370.153015 0.683168 0.679257 0.003910
369.042023 0.685387 0.681397 0.003990
367.931030 0.687194 0.683255 0.003939
366.820038 0.688449 0.684424 0.004025
365.709015 0.689516 0.685322 0.004195
364.598023 0.690065 0.685815 0.004250
363.487030 0.690361 0.686195 0.004166
362.376038 0.690220 0.686004 0.004216
361.265015 0.689875 0.685627 0.004248
360.154022 0.689357 0.684994 0.004363
359.043030 0.688143 0.683604 0.004539
357.932037 0.686805 0.682691 0.004114
356.821014 0.683954 0.680072 0.003882
355.710022 0.681431 0.677556 0.003876
354.599029 0.679891 0.676290 0.003601
353.488037 0.678359 0.674534 0.003824
352.377014 0.676363 0.672163 0.004200
351.266022 0.674003 0.670279 0.003724
350.155029 0.672244 0.668298 0.003946
349.044037 0.670416 0.666635 0.003780
347.933014 0.669047 0.664962 0.004085
346.822022 0.667727 0.663826 0.003901
345.711029 0.667412 0.663825 0.003587
344.600037 0.666958 0.663387 0.003570
343.489014 0.666010 0.662554 0.003456
342.378021 0.665311 0.662039 0.003272
341.267029 0.665516 0.662009 0.003507
340.156036 0.665573 0.661714 0.003858
339.045013 0.665407 0.661625 0.003782
337.934021 0.665119 0.661262 0.003856
336.823029 0.665571 0.661816 0.003755
335.712036 0.666806 0.662548 0.004258
334.601013 0.669316 0.664586 0.004730
333.490021 0.670827 0.665875 0.004952
332.379028 0.671136 0.666158 0.004978
331.268036 0.671979 0.667342 0.004638
330.157013 0.674091 0.669651 0.004440
329.046020 0.675885 0.671183 0.004702
327.935028 0.677698 0.673307 0.004391
326.824036 0.679267 0.674670 0.004597
325.713013 0.681330 0.676684 0.004645
324.602020 0.683723 0.678805 0.004918
323.491028 0.685128 0.679776 0.005352
322.380035 0.686886 0.681393 0.005493
321.269012 0.690020 0.684734 0.005287
320.158020 0.692813 0.687425 0.005388
319.047028 0.694701 0.689485 0.005216
317.936035 0.697197 0.692172 0.005025
316.825012 0.700299 0.694926 0.005373
315.714020 0.703960 0.698752 0.005208
314.603027 0.707569 0.702278 0.005291
313.492035 0.710783 0.705341 0.005442
312.381012 0.714056 0.708582 0.005474
311.270019 0.718193 0.712439 0.005753
310.159027 0.723770 0.717463 0.006306
309.048035 0.728699 0.722410 0.006288
307.937012 0.733402 0.726937 0.006466
306.826019 0.739452 0.732581 0.006871
305.715027 0.745640 0.738584 0.007056
304.604034 0.752862 0.745440 0.007422
303.493012 0.759712 0.752558 0.007154
302.382019 0.766966 0.759790 0.007176
301.271027 0.774678 0.767193 0.007486
300.160034 0.783223 0.775578 0.007645
299.049042 0.791360 0.783236 0.008123
297.938019 0.800054 0.791573 0.008481
296.827026 0.809034 0.800030 0.009004
295.716034 0.817866 0.808737 0.009129
294.605042 0.826972 0.817771 0.009201
293.494019 0.835901 0.826153 0.009748
292.383026 0.844599 0.834484 0.010115
291.272034 0.852733 0.842600 0.010133
290.161041 0.861918 0.851517 0.010401
289.050018 0.870900 0.860625 0.010275
287.939026 0.878786 0.868259 0.010528
286.828033 0.886868 0.875726 0.011142
285.717041 0.894741 0.883238 0.011503
284.606018 0.902445 0.890754 0.011691
283.495026 0.909335 0.897444 0.011891
282.384033 0.915235 0.903409 0.011827
281.273041 0.920837 0.908545 0.012292
280.162018 0.925706 0.913172 0.012534
279.051025 0.930181 0.917268 0.012913
277.940033 0.933362 0.919995 0.013367
276.829041 0.935754 0.922226 0.013528
275.718018 0.938025 0.924174 0.013852
274.607025 0.940024 0.926026 0.013999
273.496033 0.941390 0.927084 0.014306
272.385040 0.941861 0.927408 0.014452
271.274017 0.942053 0.927385 0.014668
270.163025 0.942202 0.927329 0.014874
269.052032 0.942361 0.927153 0.015209
267.941040 0.941213 0.925670 0.015543
266.830017 0.940037 0.924124 0.015913
265.719025 0.938147 0.921980 0.016167
264.608032 0.935988 0.919383 0.016605
263.497040 0.933889 0.917009 0.016881
262.386017 0.931113 0.913929 0.017184
261.275024 0.928295 0.910805 0.017490
260.164032 0.925411 0.907238 0.018173
259.053040 0.922723 0.904260 0.018463
257.942017 0.920008 0.901209 0.018799
256.831024 0.917344 0.898345 0.018999
255.720032 0.914819 0.895697 0.019122
254.609024 0.912494 0.892960 0.019534
253.498032 0.910347 0.890356 0.019991
252.387024 0.907937 0.887667 0.020270
251.276031 0.906044 0.885590 0.020454
250.165024 0.904569 0.883518 0.021052
249.054031 0.903414 0.882290 0.021124
247.943024 0.902176 0.880955 0.021221
246.832031 0.900894 0.879356 0.021538
245.721024 0.899935 0.878358 0.021577
244.610031 0.898844 0.877029 0.021815
243.499023 0.898203 0.876236 0.021967
242.388031 0.897648 0.875712 0.021937
241.277023 0.896737 0.874865 0.021872
240.166031 0.896039 0.873985 0.022053
239.055023 0.895554 0.873031 0.022523
