239.055023 0.225714 0.108621 0.117094
240.166031 0.229216 0.111086 0.118130
241.277023 0.232454 0.113022 0.119433
242.388031 0.235994 0.115348 0.120645
243.499023 0.239461 0.117599 0.121862
244.610031 0.243221 0.120246 0.122975
245.721024 0.246780 0.122616 0.124164
246.832031 0.250388 0.125134 0.125254
247.943024 0.254288 0.127973 0.126314
249.054031 0.258241 0.130859 0.127382
250.165024 0.265430 0.135912 0.129518
251.276031 0.272701 0.140576 0.132125
252.387024 0.280538 0.145842 0.134695
253.498032 0.288260 0.151390 0.136870
254.609024 0.295815 0.156480 0.139335
255.720032 0.303311 0.161515 0.141796
256.831024 0.311233 0.167342 0.143891
257.942017 0.319207 0.173019 0.146188
259.053040 0.327216 0.178637 0.148580
260.164032 0.335425 0.185041 0.150383
261.275024 0.343338 0.190970 0.152369
262.386017 0.351388 0.196932 0.154457
263.497040 0.359458 0.202849 0.156609
264.608032 0.367400 0.208811 0.158589
265.719025 0.374878 0.214257 0.160620
266.830017 0.381931 0.219520 0.162410
267.941040 0.389397 0.225309 0.164088
269.052032 0.396218 0.230679 0.165539
270.163025 0.402582 0.235775 0.166807
271.274017 0.408564 0.240427 0.168138
272.385040 0.414546 0.245323 0.169223
273.496033 0.420274 0.250314 0.169960
274.607025 0.425550 0.254841 0.170708
275.718018 0.430558 0.259267 0.171291
276.829041 0.434553 0.263091 0.171462
277.940033 0.438430 0.266941 0.171489
279.051025 0.441798 0.270227 0.171571
280.162018 0.444405 0.273041 0.171364
281.273041 0.446095 0.275521 0.170574
282.384033 0.447642 0.277080 0.170562
283.495026 0.449204 0.279355 0.169849
284.606018 0.449745 0.280644 0.169101
285.717041 0.450016 0.282196 0.167820
286.828033 0.450177 0.283982 0.166195
287.939026 0.450410 0.285578 0.164833
289.050018 0.450109 0.286541 0.163568
290.161041 0.449519 0.287427 0.162091
291.272034 0.449049 0.288248 0.160802
292.383026 0.448120 0.288554 0.159566
293.494019 0.447453 0.289363 0.158090
294.605042 0.447015 0.290157 0.156858
295.716034 0.446321 0.290841 0.155480
296.827026 0.445357 0.291360 0.153997
297.938019 0.444281 0.291565 0.152716
299.049042 0.444731 0.292943 0.151788
300.160034 0.444940 0.294151 0.150789
301.271027 0.444763 0.295115 0.149648
302.382019 0.444877 0.296225 0.148653
303.493012 0.446418 0.298448 0.147970
304.604034 0.447524 0.300579 0.146946
305.715027 0.448564 0.302321 0.146243
306.826019 0.449771 0.304316 0.145455
307.937012 0.451451 0.306316 0.145136
309.048035 0.452809 0.307883 0.144926
310.159027 0.454412 0.310250 0.144162
311.270019 0.456531 0.312758 0.143774
312.381012 0.458227 0.314800 0.143427
313.492035 0.460414 0.317376 0.143038
314.603027 0.463146 0.320590 0.142556
315.714020 0.465453 0.322912 0.142541
316.825012 0.467127 0.325574 0.141553
317.936035 0.468984 0.327562 0.141421
319.047028 0.471822 0.330651 0.141171
320.158020 0.474091 0.333342 0.140749
321.269012 0.475458 0.335352 0.140106
322.380035 0.477080 0.337856 0.139224
323.491028 0.479318 0.340429 0.138889
324.602020 0.481253 0.342865 0.138389
325.713013 0.482851 0.344839 0.138012
326.824036 0.484472 0.347121 0.137352
327.935028 0.486342 0.349215 0.137127
329.046020 0.488286 0.351212 0.137075
330.157013 0.489989 0.353215 0.136774
331.268036 0.491623 0.355395 0.136228
332.379028 0.493526 0.357578 0.135948
333.490021 0.495381 0.359730 0.135651
334.601013 0.497333 0.362541 0.134792
335.712036 0.498810 0.364987 0.133823
336.823029 0.500022 0.366130 0.133892
337.934021 0.502182 0.368914 0.133268
339.045013 0.504753 0.371476 0.133276
340.156036 0.507205 0.374338 0.132868
341.267029 0.509149 0.376676 0.132473
342.378021 0.511823 0.379594 0.132229
343.489014 0.514560 0.382474 0.132086
344.600037 0.517407 0.385105 0.132302
345.711029 0.520211 0.388292 0.131919
346.822022 0.523285 0.391432 0.131853
347.933014 0.526140 0.394516 0.131623
349.044037 0.529531 0.397963 0.131568
350.155029 0.532490 0.401312 0.131178
351.266022 0.535850 0.405009 0.130841
352.377014 0.539218 0.408919 0.130299
353.488037 0.542893 0.412543 0.130350
354.599029 0.546128 0.415941 0.130187
355.710022 0.549337 0.419535 0.129802
356.821014 0.552539 0.422494 0.130044
357.932037 0.555788 0.425465 0.130323
359.043030 0.559053 0.429353 0.129700
360.154022 0.561241 0.431971 0.129270
361.265015 0.563212 0.434387 0.128825
362.376038 0.564871 0.436582 0.128289
363.487030 0.566022 0.438293 0.127730
364.598023 0.566830 0.439721 0.127109
365.709015 0.567177 0.440870 0.126306
366.820038 0.566980 0.441503 0.125477
367.931030 0.566387 0.441800 0.124587
369.042023 0.565278 0.441719 0.123559
370.153015 0.563862 0.441307 0.122555
371.264038 0.561889 0.440375 0.121514
372.375030 0.559593 0.439218 0.120375
373.486023 0.557018 0.438014 0.119004
374.597015 0.554030 0.436351 0.117679
375.708008 0.550629 0.434364 0.116264
376.819031 0.547095 0.432179 0.114916
377.930023 0.543232 0.429748 0.113484
379.041016 0.539206 0.427231 0.111975
380.152008 0.535096 0.424555 0.110541
381.263031 0.530819 0.421770 0.109048
382.374023 0.526532 0.418931 0.107601
383.485016 0.522193 0.416012 0.106181
384.596008 0.517970 0.413217 0.104754
385.707031 0.513809 0.410485 0.103324
386.818024 0.509672 0.407730 0.101941
387.929016 0.505715 0.405107 0.100607
389.040008 0.501948 0.402638 0.099309
390.151031 0.498224 0.400171 0.098053
391.262024 0.494568 0.397712 0.096856
392.373016 0.490989 0.395339 0.095650
393.484009 0.487562 0.393107 0.094454
394.595032 0.484290 0.390972 0.093318
395.706024 0.481048 0.388825 0.092223
396.817017 0.477884 0.386622 0.091262
397.928009 0.474833 0.384529 0.090304
399.039032 0.471806 0.382516 0.089290
400.150024 0.468960 0.380679 0.088281
401.261017 0.466204 0.378890 0.087314
402.372009 0.463484 0.377108 0.086375
403.483032 0.460841 0.375387 0.085454
404.594025 0.458369 0.373822 0.084547
405.705017 0.455944 0.372266 0.083678
406.816010 0.453482 0.370697 0.082784
407.927032 0.451121 0.369133 0.081988
409.038025 0.448876 0.367738 0.081139
410.149017 0.446645 0.366305 0.080340
411.260010 0.444498 0.365025 0.079473
412.371033 0.442443 0.363721 0.078722
413.482025 0.440510 0.362580 0.077930
414.593018 0.438583 0.361453 0.077129
415.704010 0.436692 0.360321 0.076370
416.815033 0.434747 0.359082 0.075664
417.926025 0.432915 0.357978 0.074937
419.037018 0.431181 0.356990 0.074192
420.148010 0.429465 0.355957 0.073508
421.259033 0.427801 0.354967 0.072834
422.370026 0.426132 0.353946 0.072186
423.481018 0.424494 0.352904 0.071591
424.592011 0.422933 0.351943 0.070990
425.703033 0.421384 0.350980 0.070403
426.814026 0.419878 0.350062 0.069815
427.925018 0.418392 0.349180 0.069212
429.036011 0.417001 0.348362 0.068639
430.147034 0.415661 0.347641 0.068020
431.258026 0.414356 0.346909 0.067447
432.369019 0.413083 0.346222 0.066861
433.480011 0.411843 0.345556 0.066287
434.591034 0.410626 0.344968 0.065658
435.702026 0.409465 0.344372 0.065093
436.813019 0.408354 0.343839 0.064515
437.924011 0.407268 0.343339 0.063929
439.035034 0.406299 0.342982 0.063317
440.146027 0.405275 0.342561 0.062714
441.257019 0.404271 0.342155 0.062116
442.368012 0.403279 0.341764 0.061515
443.479004 0.402307 0.341368 0.060939
444.590027 0.401343 0.340965 0.060378
445.701019 0.400343 0.340501 0.059843
446.812012 0.399321 0.340000 0.059321
447.923004 0.398326 0.339507 0.058818
449.034027 0.397236 0.338893 0.058343
450.145019 0.396218 0.338325 0.057893
451.256012 0.395162 0.337679 0.057483
452.367004 0.394087 0.336990 0.057096
453.478027 0.392953 0.336247 0.056706
454.589020 0.391830 0.335499 0.056331
455.700012 0.390744 0.334774 0.055970
456.811005 0.389562 0.333894 0.055667
457.922028 0.388393 0.333079 0.055314
459.033020 0.387266 0.332277 0.054989
460.144012 0.386150 0.331471 0.054679
461.255005 0.385063 0.330711 0.054353
462.366028 0.383973 0.329949 0.054023
463.477020 0.382921 0.329223 0.053698
464.588013 0.381858 0.328515 0.053343
465.699005 0.380865 0.327877 0.052987
466.810028 0.379922 0.327306 0.052616
467.921020 0.379006 0.326806 0.052200
469.032013 0.378114 0.326310 0.051804
470.143005 0.377217 0.325839 0.051378
471.254028 0.376429 0.325469 0.050960
472.365021 0.375584 0.325020 0.050564
473.476013 0.374772 0.324634 0.050138
474.587006 0.373951 0.324250 0.049701
475.698029 0.373168 0.323878 0.049290
476.809021 0.372348 0.323445 0.048903
477.920013 0.371521 0.322992 0.048529
479.031006 0.370713 0.322581 0.048132
480.142029 0.369874 0.322092 0.047783
481.253021 0.368993 0.321551 0.047442
482.364014 0.368105 0.320982 0.047124
483.475006 0.367148 0.320297 0.046852
484.586029 0.366194 0.319589 0.046605
485.697022 0.365214 0.318872 0.046342
486.808014 0.364266 0.318149 0.046117
487.919006 0.363241 0.317330 0.045911
489.030029 0.362211 0.316481 0.045730
490.141022 0.361185 0.315613 0.045572
491.252014 0.360120 0.314720 0.045400
492.363007 0.359088 0.313823 0.045266
493.474029 0.358047 0.312938 0.045110
494.585022 0.357078 0.312147 0.044931
495.696014 0.356076 0.311323 0.044753
496.807007 0.355143 0.310557 0.044586
497.918030 0.354258 0.309868 0.044390
499.029022 0.353423 0.309251 0.044172
500.140015 0.352628 0.308670 0.043958
501.251007 0.351878 0.308154 0.043724
502.362030 0.351184 0.307740 0.043445
503.473023 0.350525 0.307380 0.043145
504.584015 0.349910 0.307069 0.042841
505.695007 0.349418 0.306907 0.042511
506.806030 0.348984 0.306823 0.042161
507.917023 0.348587 0.306774 0.041813
509.028015 0.348200 0.306723 0.041478
510.139008 0.347883 0.306778 0.041105
511.250030 0.347541 0.306829 0.040712
512.361023 0.347267 0.306934 0.040333
513.472046 0.347015 0.307041 0.039974
514.583008 0.346737 0.307141 0.039596
515.694031 0.346451 0.307212 0.039239
516.804993 0.346170 0.307264 0.038906
517.916016 0.345899 0.307324 0.038576
519.027039 0.345592 0.307329 0.038264
520.138000 0.345241 0.307242 0.038000
521.249023 0.344867 0.307134 0.037733
522.359985 0.344461 0.306951 0.037510
523.471008 0.344043 0.306745 0.037297
524.582031 0.343601 0.306473 0.037127
525.692993 0.343125 0.306152 0.036973
526.804016 0.342619 0.305770 0.036849
527.915039 0.342052 0.305340 0.036712
529.026001 0.341463 0.304855 0.036608
530.137024 0.340826 0.304312 0.036514
531.247986 0.340183 0.303768 0.036414
532.359009 0.339529 0.303167 0.036362
533.470032 0.338915 0.302620 0.036295
534.580994 0.338282 0.302067 0.036215
535.692017 0.337661 0.301530 0.036132
536.803040 0.337047 0.300985 0.036062
537.914002 0.336465 0.300483 0.035982
539.025024 0.335905 0.300013 0.035892
540.135986 0.335377 0.299567 0.035810
541.247009 0.334874 0.299174 0.035700
542.358032 0.334418 0.298858 0.035560
543.468994 0.333992 0.298581 0.035411
544.580017 0.333619 0.298405 0.035214
545.691040 0.333315 0.298281 0.035034
546.802002 0.333048 0.298235 0.034814
547.913025 0.332811 0.298221 0.034590
549.023987 0.332618 0.298285 0.034333
550.135010 0.332514 0.298432 0.034082
551.246033 0.332418 0.298605 0.033813
552.356995 0.332371 0.298827 0.033545
553.468018 0.332342 0.299091 0.033250
554.579041 0.332336 0.299400 0.032936
555.690002 0.332338 0.299683 0.032655
556.801025 0.332357 0.299958 0.032398
557.911987 0.332388 0.300281 0.032108
559.023010 0.332447 0.300642 0.031805
560.134033 0.332475 0.300947 0.031528
561.244995 0.332471 0.301207 0.031263
562.356018 0.332469 0.301479 0.030990
563.467041 0.332438 0.301715 0.030723
564.578003 0.332367 0.301881 0.030486
565.689026 0.332315 0.302038 0.030276
566.799988 0.332160 0.302086 0.030074
567.911011 0.331950 0.302059 0.029891
569.022034 0.331705 0.301969 0.029736
570.132996 0.331439 0.301831 0.029608
571.244019 0.331147 0.301654 0.029493
572.355041 0.330716 0.301318 0.029398
573.466003 0.330272 0.300959 0.029313
574.577026 0.329798 0.300557 0.029241
575.687988 0.329293 0.300095 0.029197
576.799011 0.328720 0.299536 0.029185
577.910034 0.328110 0.298952 0.029159
579.020996 0.327478 0.298353 0.029125
580.132019 0.326798 0.297669 0.029129
581.243042 0.326101 0.296957 0.029145
582.354004 0.325396 0.296249 0.029147
583.465027 0.324669 0.295541 0.029128
584.575989 0.323931 0.294799 0.029131
585.687012 0.323223 0.294077 0.029146
586.798035 0.322497 0.293352 0.029145
587.908997 0.321729 0.292597 0.029132
589.020019 0.321060 0.291931 0.029129
590.130981 0.320405 0.291311 0.029093
591.242004 0.319803 0.290743 0.029060
592.353027 0.319181 0.290185 0.028995
593.463989 0.318598 0.289681 0.028917
594.575012 0.318110 0.289272 0.028838
595.686035 0.317641 0.288910 0.028731
596.796997 0.317222 0.288612 0.028610
597.908020 0.316849 0.288365 0.028484
599.018982 0.316526 0.288206 0.028319
600.130005 0.316286 0.288138 0.028148
601.241028 0.316032 0.288059 0.027973
602.351990 0.315867 0.288094 0.027773
603.463013 0.315741 0.288179 0.027561
604.574036 0.315637 0.288294 0.027343
605.684998 0.315619 0.288488 0.027130
606.796021 0.315635 0.288732 0.026903
607.906982 0.315661 0.288997 0.026664
609.018005 0.315717 0.289295 0.026423
610.129028 0.315851 0.289668 0.026183
611.239990 0.315952 0.290008 0.025944
612.351013 0.316067 0.290356 0.025711
613.462036 0.316145 0.290671 0.025475
614.572998 0.316284 0.291052 0.025232
615.684021 0.316396 0.291381 0.025016
616.794983 0.316495 0.291708 0.024787
617.906006 0.316582 0.292000 0.024582
619.017029 0.316654 0.292266 0.024388
620.127991 0.316687 0.292498 0.024189
621.239014 0.316713 0.292695 0.024018
622.350037 0.316674 0.292819 0.023855
623.460998 0.316642 0.292943 0.023700
624.572022 0.316555 0.292992 0.023563
625.682983 0.316400 0.292939 0.023461
626.794006 0.316221 0.292864 0.023357
627.905029 0.315972 0.292703 0.023269
629.015991 0.315682 0.292482 0.023200
630.127014 0.315351 0.292205 0.023146
631.238037 0.315002 0.291902 0.023100
632.348999 0.314550 0.291468 0.023083
633.460022 0.314079 0.291014 0.023065
634.570984 0.313569 0.290520 0.023050
635.682007 0.313044 0.289991 0.023053
636.793030 0.312462 0.289385 0.023077
637.903992 0.311858 0.288754 0.023104
639.015015 0.311235 0.288111 0.023124
640.126038 0.310572 0.287410 0.023162
641.237000 0.309879 0.286682 0.023198
642.348022 0.309176 0.285937 0.023239
643.458984 0.308433 0.285157 0.023276
644.570007 0.307712 0.284389 0.023323
645.681030 0.306980 0.283603 0.023377
646.791992 0.306258 0.282845 0.023412
647.903015 0.305564 0.282123 0.023441
649.014038 0.304861 0.281389 0.023472
650.125000 0.304178 0.280693 0.023485
651.236023 0.303521 0.280021 0.023500
652.346985 0.302897 0.279394 0.023503
653.458008 0.302282 0.278776 0.023506
654.569031 0.301728 0.278249 0.023479
655.679993 0.301187 0.277735 0.023452
656.791016 0.300674 0.277257 0.023417
657.901978 0.300200 0.276837 0.023363
659.013000 0.299776 0.276484 0.023291
660.124023 0.299410 0.276190 0.023220
661.234985 0.299058 0.275916 0.023142
662.346008 0.298803 0.275768 0.023036
663.457031 0.298591 0.275666 0.022925
664.567993 0.298450 0.275644 0.022806
665.679016 0.298334 0.275654 0.022681
666.789978 0.298275 0.275732 0.022543
667.901001 0.298234 0.275845 0.022389
669.012024 0.298237 0.276006 0.022231
670.122986 0.298274 0.276218 0.022056
671.234009 0.298385 0.276507 0.021878
672.345032 0.298506 0.276802 0.021703
673.455994 0.298667 0.277155 0.021512
674.567017 0.298849 0.277529 0.021319
675.677978 0.299073 0.277964 0.021109
676.789002 0.299304 0.278397 0.020907
677.900024 0.299561 0.278862 0.020699
679.010986 0.299839 0.279353 0.020486
680.122009 0.300136 0.279847 0.020289
681.233032 0.300445 0.280332 0.020114
682.343994 0.300748 0.280839 0.019908
683.455017 0.301043 0.281325 0.019718
684.565979 0.301297 0.281763 0.019534
685.677002 0.301588 0.282224 0.019364
686.788025 0.301828 0.282628 0.019199
687.898987 0.302087 0.283051 0.019036
689.010010 0.302280 0.283404 0.018876
690.121033 0.302487 0.283760 0.018727
691.231995 0.302693 0.284108 0.018586
692.343018 0.302864 0.284406 0.018458
693.453979 0.302955 0.284610 0.018346
694.565002 0.303042 0.284798 0.018244
695.676025 0.303101 0.284959 0.018142
696.786987 0.303110 0.285042 0.018068
697.898010 0.303043 0.285038 0.018005
699.009033 0.302985 0.285039 0.017945
700.119995 0.302885 0.284984 0.017900
701.231018 0.302762 0.284887 0.017875
702.341980 0.302583 0.284750 0.017833
703.453003 0.302362 0.284558 0.017803
704.564026 0.302084 0.284295 0.017789
705.674988 0.301794 0.283993 0.017801
706.786011 0.301465 0.283654 0.017811
707.897034 0.301064 0.283239 0.017824
709.007996 0.300672 0.282826 0.017846
710.119019 0.300200 0.282309 0.017892
711.229981 0.299742 0.281816 0.017926
712.341003 0.299274 0.281324 0.017950
713.452026 0.298714 0.280711 0.018003
714.562988 0.298139 0.280108 0.018032
715.674011 0.297563 0.279472 0.018091
716.785034 0.296942 0.278791 0.018151
717.895996 0.296344 0.278124 0.018220
719.007019 0.295741 0.277485 0.018256
720.117981 0.295155 0.276841 0.018313
721.229004 0.294538 0.276170 0.018368
722.340027 0.293917 0.275507 0.018410
723.450989 0.293279 0.274825 0.018454
724.562012 0.292673 0.274167 0.018506
725.673035 0.292060 0.273500 0.018560
726.783997 0.291455 0.272865 0.018590
727.895019 0.290884 0.272262 0.018622
729.005981 0.290334 0.271672 0.018662
730.117004 0.289829 0.271144 0.018685
731.228027 0.289275 0.270600 0.018675
732.338989 0.288860 0.270197 0.018663
733.450012 0.288434 0.269767 0.018667
734.560974 0.287998 0.269344 0.018654
735.671997 0.287646 0.269016 0.018629
736.783020 0.287311 0.268681 0.018629
737.893982 0.287032 0.268455 0.018577
739.005005 0.286817 0.268316 0.018501
740.116028 0.286585 0.268169 0.018416
741.226990 0.286398 0.268047 0.018351
742.338013 0.286278 0.268004 0.018274
743.448975 0.286187 0.268015 0.018172
744.559998 0.286113 0.268012 0.018101
745.671021 0.286102 0.268090 0.018012
746.781982 0.286180 0.268274 0.017906
747.893005 0.286263 0.268507 0.017756
749.004028 0.286428 0.268771 0.017656
750.114990 0.286585 0.269073 0.017513
751.226013 0.286766 0.269400 0.017366
752.336975 0.286902 0.269692 0.017211
753.447998 0.287198 0.270100 0.017098
754.559021 0.287431 0.270518 0.016913
755.669983 0.287758 0.270997 0.016761
756.781006 0.288115 0.271480 0.016635
757.892029 0.288507 0.272023 0.016485
759.002991 0.288887 0.272521 0.016366
760.114014 0.289294 0.273066 0.016228
761.224976 0.289713 0.273653 0.016060
762.335998 0.290134 0.274222 0.015912
763.447022 0.290604 0.274876 0.015728
764.557983 0.291029 0.275438 0.015591
765.669006 0.291462 0.275951 0.015510
766.780029 0.291917 0.276580 0.015337
767.890991 0.292298 0.277119 0.015179
769.002014 0.292735 0.277666 0.015069
770.112976 0.293075 0.278120 0.014955
771.223999 0.293514 0.278730 0.014784
772.335022 0.293890 0.279208 0.014682
773.445984 0.294311 0.279768 0.014544
774.557007 0.294800 0.280366 0.014434
775.668030 0.295151 0.280853 0.014298
776.778992 0.295547 0.281284 0.014262
777.890015 0.295835 0.281721 0.014114
779.000977 0.296106 0.282127 0.013979
780.112000 0.296333 0.282433 0.013901
781.223022 0.296622 0.282865 0.013757
782.333984 0.296792 0.283079 0.013713
783.445007 0.296964 0.283334 0.013630
784.556030 0.297200 0.283637 0.013563
785.666992 0.297311 0.283775 0.013536
786.778015 0.297430 0.283940 0.013490
787.888977 0.298022 0.284725 0.013297
789.000000 0.298625 0.285447 0.013179
790.111023 0.299254 0.286202 0.013052
791.221985 0.299708 0.286805 0.012903
792.333008 0.300298 0.287505 0.012793
793.444031 0.300710 0.288031 0.012679
794.554993 0.301166 0.288593 0.012573
795.666016 0.301523 0.289026 0.012497
796.776978 0.301855 0.289445 0.012411
797.888000 0.302185 0.289849 0.012336
798.999084 0.302411 0.290165 0.012246
800.110046 0.302616 0.290369 0.012247
801.221069 0.302822 0.290613 0.012209
802.332031 0.302987 0.290813 0.012175
803.443054 0.303004 0.290859 0.012145
804.554077 0.303084 0.291024 0.012060
805.665039 0.303093 0.291003 0.012089
806.776062 0.302957 0.290867 0.012090
807.887085 0.302830 0.290735 0.012094
808.998047 0.302686 0.290611 0.012075
810.109070 0.301989 0.289817 0.012173
811.220032 0.301242 0.288949 0.012293
812.331055 0.300362 0.287941 0.012421
813.442078 0.299467 0.286922 0.012545
814.553040 0.298506 0.285859 0.012647
815.664063 0.297482 0.284637 0.012845
816.775085 0.296464 0.283496 0.012967
817.886047 0.295417 0.282308 0.013109
818.997070 0.294280 0.281040 0.013240
820.108032 0.293087 0.279694 0.013394
821.219055 0.291869 0.278349 0.013519
822.330078 0.290714 0.277044 0.013670
823.441040 0.289466 0.275638 0.013827
824.552063 0.288221 0.274245 0.013977
825.663086 0.287033 0.272864 0.014169
826.774048 0.285780 0.271450 0.014330
827.885071 0.284580 0.270099 0.014481
828.996033 0.283351 0.268735 0.014617
830.107056 0.282131 0.267390 0.014741
831.218079 0.280872 0.265999 0.014873
832.329041 0.279621 0.264588 0.015033
833.440063 0.278419 0.263307 0.015112
834.551025 0.277290 0.262078 0.015211
835.662048 0.276173 0.260864 0.015309
836.773071 0.275093 0.259709 0.015384
837.884033 0.274028 0.258578 0.015450
838.995056 0.272946 0.257404 0.015542
840.106079 0.271954 0.256379 0.015575
841.217041 0.271083 0.255423 0.015660
842.328064 0.270291 0.254630 0.015662
843.439026 0.269480 0.253773 0.015707
844.550049 0.268694 0.252957 0.015737
845.661072 0.268050 0.252304 0.015746
846.772034 0.267452 0.251761 0.015692
847.883057 0.266991 0.251250 0.015742
848.994080 0.266600 0.250928 0.015671
850.105041 0.266151 0.250567 0.015583
851.216065 0.265845 0.250248 0.015596
852.327026 0.265577 0.250048 0.015529
853.438049 0.265341 0.250015 0.015326
854.549072 0.265303 0.250146 0.015157
855.660034 0.265209 0.250005 0.015204
856.771057 0.265306 0.250427 0.014879
857.882080 0.266703 0.252178 0.014525
858.993042 0.268086 0.253874 0.014211
860.104065 0.269524 0.255684 0.013841
861.215027 0.270963 0.257484 0.013480
862.326050 0.272364 0.259202 0.013161
863.437073 0.273672 0.260859 0.012813
864.548035 0.274972 0.262443 0.012528
865.659058 0.276337 0.264133 0.012204
866.770081 0.277624 0.265765 0.011859
867.881043 0.278818 0.267256 0.011562
923.431030 0.279961 0.268662 0.011299
924.542053 0.280976 0.270059 0.010917
925.653076 0.281966 0.271283 0.010683
926.764038 0.282945 0.272495 0.010450
927.875061 0.283810 0.273657 0.010152
928.986023 0.284648 0.274720 0.009928
930.097046 0.285457 0.275611 0.009845
931.208069 0.286062 0.276356 0.009706
932.319031 0.286657 0.277260 0.009397
933.430054 0.287078 0.277615 0.009463
934.541077 0.286170 0.276618 0.009552
935.652039 0.285241 0.275612 0.009629
936.763062 0.284263 0.274533 0.009730
937.874023 0.283254 0.273423 0.009831
938.985046 0.282211 0.272277 0.009934
940.096069 0.281148 0.271118 0.010030
941.207031 0.280057 0.269921 0.010136
942.318054 0.278939 0.268703 0.010236
943.429077 0.277806 0.267460 0.010346
944.540039 0.276659 0.266208 0.010452
945.651062 0.275494 0.264940 0.010554
946.762024 0.274316 0.263659 0.010657
947.873047 0.273126 0.262356 0.010770
948.984070 0.271942 0.261063 0.010880
950.095032 0.270763 0.259781 0.010983
951.206055 0.269584 0.258495 0.011089
952.317078 0.268407 0.257221 0.011187
953.428040 0.267231 0.255951 0.011280
954.539063 0.266064 0.254679 0.011385
955.650024 0.264905 0.253443 0.011462
956.761047 0.263776 0.252220 0.011556
957.872070 0.262657 0.251004 0.011653
958.983032 0.261557 0.249823 0.011733
960.094055 0.260492 0.248683 0.011810
961.205078 0.259457 0.247573 0.011884
962.316040 0.258433 0.246474 0.011960
963.427063 0.257449 0.245422 0.012027
964.538025 0.256504 0.244419 0.012085
965.649048 0.255586 0.243445 0.012142
966.760071 0.254717 0.242526 0.012191
967.871033 0.253884 0.241645 0.012240
968.982056 0.253101 0.240825 0.012276
970.093079 0.252364 0.240060 0.012303
971.204041 0.251659 0.239318 0.012341
972.315063 0.251002 0.238640 0.012362
973.426025 0.250390 0.238006 0.012384
974.537048 0.249827 0.237435 0.012392
975.648071 0.249323 0.236930 0.012392
976.759033 0.248868 0.236480 0.012388
977.870056 0.248472 0.236095 0.012376
978.981018 0.248114 0.235758 0.012356
980.092041 0.247818 0.235480 0.012338
981.203064 0.247584 0.235271 0.012313
982.314026 0.247398 0.235116 0.012282
983.425049 0.247259 0.235014 0.012246
984.536072 0.247189 0.234994 0.012196
985.647034 0.247180 0.235041 0.012139
986.758057 0.247218 0.235132 0.012086
987.869019 0.247315 0.235285 0.012030
988.980041 0.247458 0.235496 0.011962
990.091065 0.247461 0.235527 0.011934
991.202026 0.247482 0.235572 0.011910
992.313049 0.247518 0.235635 0.011883
993.424072 0.247578 0.235732 0.011846
994.535034 0.247661 0.235851 0.011810
995.646057 0.247757 0.235992 0.011766
996.757019 0.247877 0.236152 0.011725
997.868042 0.248013 0.236324 0.011690
998.979065 0.248173 0.236528 0.011645
1000.090027 0.248332 0.236720 0.011612
