239.055023 0.895554 0.873031 0.022523 -0.000009 -0.000165 0.000155
240.166031 0.896039 0.873985 0.022053 0.000007 -0.000279 0.000286
241.277023 0.896737 0.874865 0.021872 -0.000108 -0.000314 0.000205
242.388031 0.897648 0.875712 0.021937 0.000005 -0.000159 0.000165
243.499023 0.898203 0.876236 0.021967 -0.000016 -0.000213 0.000197
244.610031 0.898844 0.877029 0.021815 0.000006 -0.000269 0.000275
245.721024 0.899935 0.878358 0.021577 -0.000081 -0.000189 0.000108
246.832031 0.900894 0.879356 0.021538 -0.000040 -0.000121 0.000081
247.943024 0.902176 0.880955 0.021221 -0.000019 -0.000093 0.000074
249.054031 0.903414 0.882290 0.021124 -0.000076 -0.000088 0.000011
250.165024 0.904569 0.883518 0.021052 -0.000058 -0.000116 0.000058
251.276031 0.906044 0.885590 0.020454 -0.000175 -0.000125 -0.000051
252.387024 0.907937 0.887667 0.020270 -0.000170 -0.000138 -0.000032
253.498032 0.910347 0.890356 0.019991 -0.000103 -0.000072 -0.000031
254.609024 0.912494 0.892960 0.019534 -0.000101 -0.000073 -0.000028
255.720032 0.914819 0.895697 0.019122 0.000028 -0.000011 0.000039
256.831024 0.917344 0.898345 0.018999 0.000054 0.000022 0.000032
257.942017 0.920008 0.901209 0.018799 0.000063 0.000043 0.000020
259.053040 0.922723 0.904260 0.018463 0.000117 0.000029 0.000088
260.164032 0.925411 0.907238 0.018173 0.000118 0.000069 0.000049
261.275024 0.928295 0.910805 0.017490 0.000197 0.000134 0.000063
262.386017 0.931113 0.913929 0.017184 0.000163 0.000135 0.000028
263.497040 0.933889 0.917009 0.016881 0.000242 0.000157 0.000085
264.608032 0.935988 0.919383 0.016605 0.000258 0.000102 0.000156
265.719025 0.938147 0.921980 0.016167 0.000230 0.000091 0.000139
266.830017 0.940037 0.924124 0.015913 0.000264 0.000145 0.000119
267.941040 0.941213 0.925670 0.015543 0.000300 0.000054 0.000246
269.052032 0.942361 0.927153 0.015209 0.000277 -0.000010 0.000287
270.163025 0.942202 0.927329 0.014874 0.000300 -0.000054 0.000354
271.274017 0.942053 0.927385 0.014668 0.000377 -0.000069 0.000446
272.385040 0.941861 0.927408 0.014452 0.000390 -0.000044 0.000435
273.496033 0.941390 0.927084 0.014306 0.000321 -0.000143 0.000464
274.607025 0.940024 0.926026 0.013999 0.000185 -0.000327 0.000512
275.718018 0.938025 0.924174 0.013852 0.000083 -0.000432 0.000515
276.829041 0.935754 0.922226 0.013528 0.000073 -0.000422 0.000494
277.940033 0.933362 0.919995 0.013367 -0.000002 -0.000504 0.000502
279.051025 0.930181 0.917268 0.012913 -0.000011 -0.000483 0.000471
280.162018 0.925706 0.913172 0.012534 -0.000069 -0.000530 0.000461
281.273041 0.920837 0.908545 0.012292 -0.000096 -0.000570 0.000473
282.384033 0.915235 0.903409 0.011827 -0.000051 -0.000603 0.000552
283.495026 0.909335 0.897444 0.011891 -0.000069 -0.000530 0.000460
284.606018 0.902445 0.890754 0.011691 0.000054 -0.000351 0.000406
285.717041 0.894741 0.883238 0.011503 0.000131 -0.000341 0.000471
286.828033 0.886868 0.875726 0.011142 0.000031 -0.000384 0.000415
287.939026 0.878786 0.868259 0.010528 -0.000056 -0.000406 0.000350
289.050018 0.870900 0.860625 0.010275 -0.000083 -0.000422 0.000339
290.161041 0.861918 0.851517 0.010401 -0.000097 -0.000424 0.000326
291.272034 0.852733 0.842600 0.010133 -0.000082 -0.000509 0.000427
292.383026 0.844599 0.834484 0.010115 -0.000206 -0.000563 0.000357
293.494019 0.835901 0.826153 0.009748 -0.000226 -0.000523 0.000297
294.605042 0.826972 0.817771 0.009201 -0.000288 -0.000578 0.000291
295.716034 0.817866 0.808737 0.009129 -0.000198 -0.000608 0.000410
296.827026 0.809034 0.800030 0.009004 -0.000271 -0.000487 0.000216
297.938019 0.800054 0.791573 0.008481 -0.000180 -0.000392 0.000212
299.049042 0.791360 0.783236 0.008123 -0.000195 -0.000464 0.000269
300.160034 0.783223 0.775578 0.007645 -0.000139 -0.000441 0.000302
301.271027 0.774678 0.767193 0.007486 -0.000300 -0.000416 0.000116
302.382019 0.766966 0.759790 0.007176 -0.000309 -0.000392 0.000083
303.493012 0.759712 0.752558 0.007154 -0.000190 -0.000379 0.000189
304.604034 0.752862 0.745440 0.007422 -0.000212 -0.000386 0.000174
305.715027 0.745640 0.738584 0.007056 -0.000149 -0.000284 0.000135
306.826019 0.739452 0.732581 0.006871 -0.000346 -0.000377 0.000031
307.937012 0.733402 0.726937 0.006466 -0.000404 -0.000430 0.000026
309.048035 0.728699 0.722410 0.006288 -0.000327 -0.000372 0.000045
310.159027 0.723770 0.717463 0.006306 -0.000322 -0.000390 0.000068
311.270019 0.718193 0.712439 0.005753 -0.000378 -0.000374 -0.000004
312.381012 0.714056 0.708582 0.005474 -0.000309 -0.000344 0.000035
313.492035 0.710783 0.705341 0.005442 -0.000226 -0.000198 -0.000029
314.603027 0.707569 0.702278 0.005291 -0.000238 -0.000124 -0.000114
315.714020 0.703960 0.698752 0.005208 -0.000386 -0.000200 -0.000186
316.825012 0.700299 0.694926 0.005373 -0.000319 -0.000144 -0.000175
317.936035 0.697197 0.692172 0.005025 -0.000268 0.000010 -0.000278
319.047028 0.694701 0.689485 0.005216 -0.000149 0.000075 -0.000224
320.158020 0.692813 0.687425 0.005388 -0.000143 0.000194 -0.000337
321.269012 0.690020 0.684734 0.005287 -0.000098 0.000220 -0.000319
322.380035 0.686886 0.681393 0.005493 -0.000062 0.000226 -0.000287
323.491028 0.685128 0.679776 0.005352 0.000117 0.000119 -0.000002
324.602020 0.683723 0.678805 0.004918 0.000007 0.000017 -0.000010
325.713013 0.681330 0.676684 0.004645 -0.000049 -0.000020 -0.000029
326.824036 0.679267 0.674670 0.004597 -0.000010 0.000005 -0.000015
327.935028 0.677698 0.673307 0.004391 -0.000136 -0.000209 0.000073
329.046020 0.675885 0.671183 0.004702 -0.000189 -0.000265 0.000076
330.157013 0.674091 0.669651 0.004440 -0.000050 -0.000165 0.000115
331.268036 0.671979 0.667342 0.004638 -0.000236 -0.000378 0.000142
332.379028 0.671136 0.666158 0.004978 -0.000039 -0.000164 0.000125
333.490021 0.670827 0.665875 0.004952 -0.000197 -0.000184 -0.000013
334.601013 0.669316 0.664586 0.004730 -0.000174 -0.000180 0.000006
335.712036 0.666806 0.662548 0.004258 -0.000109 -0.000191 0.000082
336.823029 0.665571 0.661816 0.003755 0.000168 -0.000106 0.000274
337.934021 0.665119 0.661262 0.003856 0.000124 -0.000058 0.000182
339.045013 0.665407 0.661625 0.003782 0.000053 -0.000014 0.000068
340.156036 0.665573 0.661714 0.003858 -0.000021 -0.000074 0.000053
341.267029 0.665516 0.662009 0.003507 -0.000012 -0.000133 0.000121
342.378021 0.665311 0.662039 0.003272 -0.000035 -0.000256 0.000221
343.489014 0.666010 0.662554 0.003456 -0.000072 -0.000237 0.000164
344.600037 0.666958 0.663387 0.003570 -0.000192 -0.000213 0.000021
345.711029 0.667412 0.663825 0.003587 -0.000242 -0.000160 -0.000082
346.822022 0.667727 0.663826 0.003901 -0.000133 -0.000043 -0.000090
347.933014 0.669047 0.664962 0.004085 -0.000190 0.000033 -0.000223
349.044037 0.670416 0.666635 0.003780 -0.000288 0.000019 -0.000306
350.155029 0.672244 0.668298 0.003946 -0.000233 0.000071 -0.000304
351.266022 0.674003 0.670279 0.003724 -0.000097 0.000110 -0.000207
352.377014 0.676363 0.672163 0.004200 -0.000279 0.000063 -0.000342
353.488037 0.678359 0.674534 0.003824 -0.000173 0.000217 -0.000391
354.599029 0.679891 0.676290 0.003601 -0.000244 0.000104 -0.000348
355.710022 0.681431 0.677556 0.003876 -0.000039 0.000134 -0.000173
356.821014 0.683954 0.680072 0.003882 -0.000075 0.000174 -0.000249
357.932037 0.686805 0.682691 0.004114 -0.000291 0.000136 -0.000428
359.043030 0.688143 0.683604 0.004539 -0.000514 0.000035 -0.000549
360.154022 0.689357 0.684994 0.004363 -0.000332 0.000036 -0.000368
361.265015 0.689875 0.685627 0.004248 -0.000314 0.000010 -0.000325
362.376038 0.690220 0.686004 0.004216 -0.000313 0.000011 -0.000324
363.487030 0.690361 0.686195 0.004166 -0.000363 -0.000007 -0.000357
364.598023 0.690065 0.685815 0.004250 -0.000373 -0.000004 -0.000369
365.709015 0.689516 0.685322 0.004195 -0.000384 0.000015 -0.000400
366.820038 0.688449 0.684424 0.004025 -0.000402 -0.000021 -0.000381
367.931030 0.687194 0.683255 0.003939 -0.000429 -0.000013 -0.000416
369.042023 0.685387 0.681397 0.003990 -0.000409 0.000005 -0.000415
370.153015 0.683168 0.679257 0.003910 -0.000397 -0.000006 -0.000391
371.264038 0.680412 0.676595 0.003816 -0.000411 -0.000007 -0.000404
372.375030 0.677147 0.673360 0.003788 -0.000438 0.000014 -0.000453
373.486023 0.673722 0.670035 0.003687 -0.000455 0.000013 -0.000468
374.597015 0.669963 0.666407 0.003556 -0.000473 0.000006 -0.000479
375.708008 0.665924 0.662391 0.003533 -0.000503 0.000012 -0.000515
376.819031 0.661309 0.657899 0.003409 -0.000554 -0.000013 -0.000541
377.930023 0.656520 0.653164 0.003356 -0.000599 -0.000013 -0.000587
379.041016 0.651679 0.648355 0.003324 -0.000648 -0.000036 -0.000612
380.152008 0.646706 0.643455 0.003252 -0.000636 -0.000038 -0.000598
381.263031 0.641583 0.638411 0.003171 -0.000660 -0.000024 -0.000636
382.374023 0.636422 0.633333 0.003089 -0.000697 -0.000016 -0.000681
383.485016 0.631322 0.628337 0.002985 -0.000723 -0.000026 -0.000697
384.596008 0.626293 0.623408 0.002885 -0.000763 -0.000053 -0.000710
385.707031 0.621116 0.618295 0.002821 -0.000781 -0.000047 -0.000733
386.818024 0.616217 0.613496 0.002721 -0.000815 -0.000027 -0.000788
387.929016 0.611336 0.608686 0.002650 -0.000849 -0.000052 -0.000798
389.040008 0.606678 0.604088 0.002590 -0.000874 -0.000040 -0.000834
390.151031 0.602192 0.599669 0.002523 -0.000895 -0.000028 -0.000867
391.262024 0.597833 0.595330 0.002503 -0.000953 -0.000043 -0.000910
392.373016 0.593652 0.591205 0.002447 -0.000992 -0.000054 -0.000938
393.484009 0.589630 0.587230 0.002401 -0.001026 -0.000061 -0.000966
394.595032 0.585811 0.583452 0.002359 -0.001078 -0.000075 -0.001003
395.706024 0.581992 0.579684 0.002307 -0.001115 -0.000058 -0.001057
396.817017 0.578347 0.576138 0.002210 -0.001155 -0.000047 -0.001109
397.928009 0.574835 0.572634 0.002201 -0.001181 -0.000044 -0.001137
399.039032 0.571494 0.569286 0.002208 -0.001219 -0.000027 -0.001192
400.150024 0.568228 0.566033 0.002195 -0.001275 -0.000043 -0.001232
401.261017 0.565097 0.562944 0.002153 -0.001319 -0.000047 -0.001272
402.372009 0.562018 0.559909 0.002109 -0.001378 -0.000053 -0.001325
403.483032 0.558997 0.556904 0.002093 -0.001407 -0.000047 -0.001360
404.594025 0.556146 0.554080 0.002066 -0.001454 -0.000050 -0.001403
405.705017 0.553365 0.551298 0.002067 -0.001495 -0.000054 -0.001441
406.816010 0.550607 0.548584 0.002023 -0.001530 -0.000045 -0.001485
407.927032 0.547954 0.545943 0.002011 -0.001557 -0.000027 -0.001531
409.038025 0.545349 0.543342 0.002007 -0.001614 -0.000038 -0.001576
410.149017 0.542854 0.540887 0.001967 -0.001646 -0.000038 -0.001608
411.260010 0.540390 0.538451 0.001939 -0.001686 -0.000032 -0.001653
412.371033 0.537929 0.536028 0.001901 -0.001720 -0.000026 -0.001694
413.482025 0.535615 0.533754 0.001861 -0.001757 -0.000023 -0.001734
414.593018 0.533295 0.531458 0.001837 -0.001802 -0.000025 -0.001777
415.704010 0.531186 0.529389 0.001797 -0.001836 -0.000016 -0.001820
416.815033 0.528979 0.527233 0.001746 -0.001853 -0.000003 -0.001850
417.926025 0.526847 0.525136 0.001710 -0.001893 -0.000012 -0.001881
419.037018 0.524768 0.523060 0.001708 -0.001939 -0.000023 -0.001916
420.148010 0.522727 0.521071 0.001656 -0.001979 -0.000021 -0.001958
421.259033 0.520734 0.519096 0.001638 -0.002005 -0.000015 -0.001990
422.370026 0.518798 0.517200 0.001598 -0.002033 -0.000007 -0.002027
423.481018 0.516877 0.515283 0.001594 -0.002071 -0.000013 -0.002058
424.592011 0.514988 0.513367 0.001621 -0.002098 -0.000000 -0.002098
425.703033 0.513143 0.511552 0.001591 -0.002125 0.000004 -0.002130
426.814026 0.511322 0.509786 0.001536 -0.002153 0.000001 -0.002154
427.925018 0.509557 0.508032 0.001526 -0.002191 0.000003 -0.002194
429.036011 0.507823 0.506306 0.001518 -0.002219 0.000004 -0.002223
430.147034 0.506169 0.504677 0.001492 -0.002245 0.000007 -0.002252
431.258026 0.504517 0.503048 0.001470 -0.002259 0.000011 -0.002270
432.369019 0.502926 0.501434 0.001492 -0.002290 0.000013 -0.002303
433.480011 0.501327 0.499843 0.001484 -0.002319 0.000007 -0.002326
434.591034 0.499721 0.498221 0.001500 -0.002342 0.000007 -0.002349
435.702026 0.498127 0.496654 0.001473 -0.002362 0.000008 -0.002370
436.813019 0.496623 0.495138 0.001485 -0.002384 0.000012 -0.002396
437.924011 0.495059 0.493574 0.001485 -0.002410 0.000010 -0.002420
439.035034 0.493626 0.492122 0.001504 -0.002440 0.000006 -0.002445
440.146027 0.492244 0.490742 0.001501 -0.002452 0.000006 -0.002458
441.257019 0.490862 0.489378 0.001484 -0.002457 0.000015 -0.002472
442.368012 0.489478 0.487988 0.001490 -0.002472 0.000024 -0.002496
443.479004 0.488149 0.486649 0.001500 -0.002492 0.000018 -0.002510
444.590027 0.486812 0.485317 0.001494 -0.002500 0.000014 -0.002515
445.701019 0.485508 0.484038 0.001470 -0.002505 0.000022 -0.002527
446.812012 0.484238 0.482769 0.001468 -0.002516 0.000022 -0.002538
447.923004 0.483012 0.481568 0.001444 -0.002530 0.000019 -0.002549
449.034027 0.481748 0.480305 0.001443 -0.002542 0.000017 -0.002559
450.145019 0.480484 0.479061 0.001422 -0.002544 0.000019 -0.002564
451.256012 0.479286 0.477856 0.001429 -0.002551 0.000023 -0.002574
452.367004 0.478066 0.476655 0.001411 -0.002566 0.000020 -0.002586
453.478027 0.476866 0.475463 0.001403 -0.002576 0.000019 -0.002595
454.589020 0.475701 0.474308 0.001393 -0.002578 0.000016 -0.002594
455.700012 0.474537 0.473159 0.001378 -0.002582 0.000019 -0.002601
456.811005 0.473467 0.472106 0.001361 -0.002591 0.000021 -0.002612
457.922028 0.472352 0.470976 0.001376 -0.002595 0.000018 -0.002613
459.033020 0.471244 0.469899 0.001345 -0.002605 0.000014 -0.002619
460.144012 0.470173 0.468854 0.001319 -0.002611 0.000014 -0.002625
461.255005 0.469132 0.467797 0.001335 -0.002614 0.000017 -0.002631
462.366028 0.468102 0.466778 0.001324 -0.002629 0.000014 -0.002643
463.477020 0.467037 0.465721 0.001316 -0.002639 0.000015 -0.002654
464.588013 0.466033 0.464717 0.001316 -0.002648 0.000014 -0.002663
465.699005 0.464992 0.463680 0.001311 -0.002655 0.000017 -0.002671
466.810028 0.464034 0.462718 0.001316 -0.002670 0.000017 -0.002687
467.921020 0.463083 0.461759 0.001324 -0.002683 0.000012 -0.002695
469.032013 0.462153 0.460844 0.001309 -0.002693 0.000012 -0.002705
470.143005 0.461200 0.459880 0.001321 -0.002699 0.000012 -0.002711
471.254028 0.460285 0.458981 0.001304 -0.002714 0.000007 -0.002721
472.365021 0.459374 0.458073 0.001301 -0.002729 0.000005 -0.002735
473.476013 0.458447 0.457141 0.001306 -0.002741 0.000007 -0.002748
474.587006 0.457568 0.456255 0.001313 -0.002747 0.000007 -0.002754
475.698029 0.456758 0.455461 0.001297 -0.002764 0.000005 -0.002769
476.809021 0.455892 0.454610 0.001283 -0.002780 0.000006 -0.002785
477.920013 0.455083 0.453792 0.001291 -0.002789 0.000004 -0.002793
479.031006 0.454172 0.452882 0.001290 -0.002799 0.000001 -0.002799
480.142029 0.453319 0.452037 0.001282 -0.002818 -0.000004 -0.002814
481.253021 0.452469 0.451188 0.001281 -0.002829 -0.000001 -0.002828
482.364014 0.451630 0.450343 0.001288 -0.002835 -0.000000 -0.002835
483.475006 0.450789 0.449514 0.001276 -0.002847 -0.000000 -0.002846
484.586029 0.449988 0.448698 0.001290 -0.002860 -0.000006 -0.002854
485.697022 0.449220 0.447926 0.001294 -0.002874 -0.000006 -0.002867
486.808014 0.448446 0.447159 0.001287 -0.002882 -0.000011 -0.002871
487.919006 0.447700 0.446425 0.001275 -0.002889 -0.000008 -0.002881
489.030029 0.446907 0.445649 0.001259 -0.002898 -0.000012 -0.002886
490.141022 0.446146 0.444893 0.001254 -0.002905 -0.000013 -0.002892
491.252014 0.445370 0.444116 0.001254 -0.002912 -0.000014 -0.002898
492.363007 0.444602 0.443364 0.001238 -0.002919 -0.000016 -0.002903
493.474029 0.443877 0.442631 0.001246 -0.002922 -0.000010 -0.002912
494.585022 0.443185 0.441935 0.001250 -0.002927 -0.000006 -0.002921
495.696014 0.442500 0.441260 0.001240 -0.002937 -0.000007 -0.002930
496.807007 0.441794 0.440568 0.001226 -0.002946 -0.000011 -0.002935
497.918030 0.441078 0.439838 0.001240 -0.002951 -0.000010 -0.002941
499.029022 0.440389 0.439144 0.001245 -0.002956 -0.000007 -0.002949
500.140015 0.439686 0.438455 0.001231 -0.002964 -0.000009 -0.002955
501.251007 0.439061 0.437827 0.001234 -0.002973 -0.000010 -0.002963
502.362030 0.438423 0.437186 0.001237 -0.002977 -0.000007 -0.002970
503.473023 0.437795 0.436562 0.001233 -0.002984 -0.000005 -0.002979
504.584015 0.437179 0.435949 0.001230 -0.002991 -0.000000 -0.002990
505.695007 0.436533 0.435309 0.001223 -0.002997 -0.000003 -0.002994
506.806030 0.435880 0.434675 0.001205 -0.003000 -0.000000 -0.003000
507.917023 0.435237 0.434029 0.001209 -0.003006 0.000000 -0.003006
509.028015 0.434629 0.433425 0.001204 -0.003010 0.000004 -0.003014
510.139008 0.433999 0.432789 0.001210 -0.003019 -0.000003 -0.003016
511.250030 0.433410 0.432191 0.001220 -0.003025 -0.000001 -0.003024
512.361023 0.432769 0.431558 0.001211 -0.003032 -0.000000 -0.003032
513.472046 0.432172 0.430972 0.001200 -0.003041 0.000003 -0.003043
514.583008 0.431619 0.430418 0.001201 -0.003048 0.000003 -0.003050
515.694031 0.431023 0.429842 0.001181 -0.003055 0.000003 -0.003058
516.804993 0.430441 0.429261 0.001180 -0.003059 -0.000000 -0.003059
517.916016 0.429867 0.428697 0.001170 -0.003063 0.000000 -0.003063
519.027039 0.429328 0.428168 0.001160 -0.003070 0.000000 -0.003070
520.138000 0.428778 0.427628 0.001150 -0.003075 0.000002 -0.003078
521.249023 0.428208 0.427056 0.001151 -0.003082 0.000001 -0.003083
522.359985 0.427674 0.426518 0.001156 -0.003089 0.000002 -0.003091
523.471008 0.427085 0.425921 0.001164 -0.003092 0.000001 -0.003093
524.582031 0.426541 0.425390 0.001150 -0.003093 0.000005 -0.003099
525.692993 0.426040 0.424889 0.001151 -0.003097 0.000002 -0.003099
526.804016 0.425490 0.424348 0.001142 -0.003105 0.000003 -0.003108
527.915039 0.424983 0.423836 0.001147 -0.003111 0.000005 -0.003116
529.026001 0.424486 0.423356 0.001130 -0.003111 0.000008 -0.003119
530.137024 0.423994 0.422874 0.001120 -0.003112 0.000009 -0.003121
531.247986 0.423464 0.422350 0.001114 -0.003124 0.000005 -0.003129
532.359009 0.422947 0.421832 0.001115 -0.003131 0.000008 -0.003139
533.470032 0.422463 0.421350 0.001113 -0.003134 0.000012 -0.003145
534.580994 0.421986 0.420869 0.001117 -0.003136 0.000016 -0.003152
535.692017 0.421543 0.420430 0.001114 -0.003139 0.000011 -0.003149
536.803040 0.421077 0.419973 0.001104 -0.003145 0.000011 -0.003156
537.914002 0.420614 0.419502 0.001112 -0.003148 0.000014 -0.003162
539.025024 0.420131 0.419027 0.001104 -0.003152 0.000014 -0.003166
540.135986 0.419671 0.418571 0.001100 -0.003153 0.000012 -0.003165
541.247009 0.419212 0.418100 0.001112 -0.003153 0.000012 -0.003166
542.358032 0.418712 0.417596 0.001116 -0.003161 0.000011 -0.003172
543.468994 0.418250 0.417145 0.001105 -0.003169 0.000008 -0.003177
544.580017 0.417790 0.416686 0.001104 -0.003176 0.000008 -0.003184
545.691040 0.417412 0.416337 0.001076 -0.003185 0.000011 -0.003197
546.802002 0.416983 0.415905 0.001078 -0.003191 0.000011 -0.003202
547.913025 0.416548 0.415478 0.001070 -0.003195 0.000011 -0.003206
549.023987 0.416126 0.415054 0.001073 -0.003202 0.000007 -0.003209
550.135010 0.415687 0.414631 0.001056 -0.003203 0.000006 -0.003210
551.246033 0.415266 0.414202 0.001064 -0.003216 0.000005 -0.003221
552.356995 0.414842 0.413780 0.001062 -0.003223 0.000003 -0.003226
553.468018 0.414416 0.413334 0.001081 -0.003223 0.000004 -0.003227
554.579041 0.414037 0.412965 0.001072 -0.003228 0.000002 -0.003230
555.690002 0.413638 0.412584 0.001054 -0.003231 -0.000001 -0.003230
556.801025 0.413251 0.412206 0.001045 -0.003241 -0.000004 -0.003237
557.911987 0.412798 0.411746 0.001053 -0.003248 -0.000000 -0.003247
559.023010 0.412381 0.411325 0.001056 -0.003250 0.000004 -0.003254
560.134033 0.412007 0.410956 0.001051 -0.003257 0.000000 -0.003257
561.244995 0.411622 0.410570 0.001051 -0.003266 -0.000002 -0.003264
562.356018 0.411207 0.410152 0.001055 -0.003275 -0.000001 -0.003274
563.467041 0.410788 0.409736 0.001051 -0.003281 -0.000000 -0.003281
564.578003 0.410407 0.409368 0.001039 -0.003287 -0.000001 -0.003286
565.689026 0.409992 0.408950 0.001042 -0.003286 -0.000001 -0.003285
566.799988 0.409600 0.408567 0.001033 -0.003291 -0.000004 -0.003287
567.911011 0.409156 0.408116 0.001041 -0.003290 -0.000004 -0.003286
569.022034 0.408697 0.407653 0.001044 -0.003298 -0.000007 -0.003291
570.132996 0.408280 0.407233 0.001047 -0.003307 -0.000011 -0.003296
571.244019 0.407878 0.406834 0.001044 -0.003312 -0.000010 -0.003303
572.355041 0.407498 0.406449 0.001049 -0.003317 -0.000009 -0.003308
573.466003 0.407098 0.406046 0.001052 -0.003321 -0.000009 -0.003312
574.577026 0.406686 0.405630 0.001056 -0.003326 -0.000010 -0.003316
575.687988 0.406285 0.405241 0.001044 -0.003327 -0.000007 -0.003320
576.799011 0.405864 0.404831 0.001034 -0.003330 -0.000008 -0.003322
577.910034 0.405437 0.404381 0.001055 -0.003337 -0.000008 -0.003329
579.020996 0.405008 0.403954 0.001053 -0.003340 -0.000011 -0.003329
580.132019 0.404621 0.403572 0.001049 -0.003341 -0.000011 -0.003330
581.243042 0.404195 0.403134 0.001061 -0.003343 -0.000014 -0.003329
582.354004 0.403784 0.402718 0.001066 -0.003347 -0.000012 -0.003336
583.465027 0.403342 0.402278 0.001063 -0.003353 -0.000013 -0.003339
584.575989 0.402937 0.401884 0.001053 -0.003356 -0.000016 -0.003340
585.687012 0.402546 0.401498 0.001049 -0.003358 -0.000013 -0.003345
586.798035 0.402150 0.401100 0.001049 -0.003361 -0.000014 -0.003347
587.908997 0.401765 0.400719 0.001046 -0.003372 -0.000015 -0.003357
589.020019 0.401366 0.400320 0.001046 -0.003374 -0.000011 -0.003363
590.130981 0.401005 0.399952 0.001053 -0.003380 -0.000011 -0.003368
591.242004 0.400651 0.399610 0.001041 -0.003382 -0.000010 -0.003372
592.353027 0.400262 0.399209 0.001054 -0.003384 -0.000011 -0.003373
593.463989 0.399884 0.398836 0.001048 -0.003385 -0.000013 -0.003372
594.575012 0.399472 0.398429 0.001042 -0.003387 -0.000010 -0.003377
595.686035 0.399098 0.398053 0.001045 -0.003385 -0.000009 -0.003376
596.796997 0.398732 0.397694 0.001038 -0.003389 -0.000008 -0.003381
597.908020 0.398383 0.397352 0.001031 -0.003395 -0.000012 -0.003383
599.018982 0.398032 0.396992 0.001040 -0.003396 -0.000009 -0.003387
600.130005 0.397694 0.396658 0.001036 -0.003398 -0.000009 -0.003390
601.241028 0.397393 0.396355 0.001038 -0.003401 -0.000006 -0.003395
602.351990 0.397071 0.396035 0.001036 -0.003407 -0.000008 -0.003400
603.463013 0.396781 0.395755 0.001026 -0.003411 -0.000008 -0.003402
604.574036 0.396495 0.395476 0.001019 -0.003414 -0.000010 -0.003404
605.684998 0.396237 0.395217 0.001019 -0.003416 -0.000007 -0.003409
606.796021 0.395948 0.394921 0.001028 -0.003419 -0.000008 -0.003411
607.906982 0.395636 0.394607 0.001029 -0.003423 -0.000007 -0.003416
609.018005 0.395334 0.394298 0.001036 -0.003424 -0.000004 -0.003420
610.129028 0.395048 0.394017 0.001031 -0.003422 -0.000005 -0.003418
611.239990 0.394758 0.393723 0.001035 -0.003426 -0.000003 -0.003423
612.351013 0.394483 0.393446 0.001037 -0.003430 -0.000004 -0.003426
613.462036 0.394214 0.393173 0.001041 -0.003435 -0.000005 -0.003429
614.572998 0.393928 0.392893 0.001035 -0.003436 -0.000002 -0.003434
615.684021 0.393655 0.392617 0.001038 -0.003440 -0.000002 -0.003438
616.794983 0.393413 0.392369 0.001043 -0.003444 -0.000003 -0.003441
617.906006 0.393128 0.392092 0.001036 -0.003449 -0.000005 -0.003444
619.017029 0.392885 0.391846 0.001039 -0.003451 -0.000006 -0.003445
620.127991 0.392634 0.391591 0.001043 -0.003457 -0.000002 -0.003454
621.239014 0.392381 0.391343 0.001038 -0.003463 -0.000002 -0.003461
622.350037 0.392118 0.391084 0.001034 -0.003464 -0.000002 -0.003462
623.460998 0.391828 0.390794 0.001034 -0.003467 -0.000001 -0.003466
624.572022 0.391556 0.390523 0.001032 -0.003469 0.000001 -0.003469
625.682983 0.391261 0.390230 0.001031 -0.003475 0.000003 -0.003478
626.794006 0.390961 0.389924 0.001036 -0.003479 0.000004 -0.003483
627.905029 0.390673 0.389638 0.001035 -0.003481 0.000003 -0.003484
629.015991 0.390390 0.389366 0.001023 -0.003484 0.000005 -0.003488
630.127014 0.390117 0.389097 0.001020 -0.003487 0.000003 -0.003491
631.238037 0.389866 0.388848 0.001018 -0.003491 0.000003 -0.003493
632.348999 0.389612 0.388597 0.001016 -0.003496 0.000002 -0.003498
633.460022 0.389330 0.388316 0.001014 -0.003497 0.000001 -0.003497
634.570984 0.389018 0.388021 0.000997 -0.003496 0.000003 -0.003499
635.682007 0.388717 0.387717 0.001000 -0.003497 0.000003 -0.003501
636.793030 0.388430 0.387438 0.000993 -0.003500 0.000002 -0.003502
637.903992 0.388133 0.387142 0.000991 -0.003499 0.000002 -0.003501
639.015015 0.387865 0.386874 0.000991 -0.003505 0.000001 -0.003507
640.126038 0.387614 0.386626 0.000988 -0.003511 0.000000 -0.003511
641.237000 0.387313 0.386319 0.000993 -0.003510 0.000003 -0.003513
642.348022 0.387026 0.386037 0.000989 -0.003510 0.000001 -0.003511
643.458984 0.386729 0.385742 0.000987 -0.003510 0.000000 -0.003510
644.570007 0.386465 0.385480 0.000985 -0.003513 0.000000 -0.003513
645.681030 0.386202 0.385211 0.000990 -0.003515 -0.000002 -0.003513
646.791992 0.385897 0.384913 0.000985 -0.003515 -0.000003 -0.003512
647.903015 0.385649 0.384660 0.000989 -0.003515 -0.000005 -0.003510
649.014038 0.385374 0.384385 0.000989 -0.003516 -0.000006 -0.003510
650.125000 0.385082 0.384090 0.000991 -0.003518 -0.000007 -0.003512
651.236023 0.384783 0.383789 0.000994 -0.003519 -0.000007 -0.003512
652.346985 0.384528 0.383531 0.000997 -0.003520 -0.000008 -0.003512
653.458008 0.384246 0.383251 0.000996 -0.003523 -0.000007 -0.003516
654.569031 0.383987 0.382982 0.001005 -0.003525 -0.000008 -0.003517
655.679993 0.383724 0.382722 0.001001 -0.003527 -0.000007 -0.003520
656.791016 0.383460 0.382447 0.001013 -0.003531 -0.000009 -0.003522
657.901978 0.383198 0.382189 0.001009 -0.003534 -0.000009 -0.003525
659.013000 0.382968 0.381958 0.001010 -0.003539 -0.000008 -0.003531
660.124023 0.382729 0.381719 0.001010 -0.003545 -0.000007 -0.003537
661.234985 0.382456 0.381443 0.001014 -0.003542 -0.000008 -0.003535
662.346008 0.382162 0.381148 0.001014 -0.003546 -0.000008 -0.003538
663.457031 0.381922 0.380921 0.001002 -0.003550 -0.000010 -0.003541
664.567993 0.381666 0.380666 0.001000 -0.003554 -0.000008 -0.003546
665.679016 0.381405 0.380404 0.001001 -0.003557 -0.000006 -0.003551
666.789978 0.381139 0.380136 0.001004 -0.003559 -0.000005 -0.003554
667.901001 0.380895 0.379895 0.001000 -0.003563 -0.000005 -0.003558
669.012024 0.380652 0.379640 0.001012 -0.003567 -0.000006 -0.003561
670.122986 0.380378 0.379374 0.001004 -0.003570 -0.000006 -0.003565
671.234009 0.380118 0.379117 0.001000 -0.003573 -0.000005 -0.003568
672.345032 0.379901 0.378902 0.000999 -0.003573 -0.000003 -0.003570
673.455994 0.379691 0.378694 0.000997 -0.003578 -0.000001 -0.003577
674.567017 0.379453 0.378460 0.000993 -0.003576 0.000003 -0.003580
675.677978 0.379224 0.378233 0.000990 -0.003573 0.000002 -0.003576
676.789002 0.378961 0.377981 0.000980 -0.003577 0.000002 -0.003579
677.900024 0.378729 0.377750 0.000979 -0.003580 0.000004 -0.003584
679.010986 0.378509 0.377538 0.000971 -0.003583 0.000003 -0.003586
680.122009 0.378261 0.377292 0.000968 -0.003588 -0.000000 -0.003588
681.233032 0.378037 0.377070 0.000967 -0.003590 -0.000002 -0.003588
682.343994 0.377801 0.376829 0.000971 -0.003592 0.000001 -0.003593
683.455017 0.377579 0.376619 0.000960 -0.003596 0.000003 -0.003599
684.565979 0.377364 0.376397 0.000967 -0.003592 0.000006 -0.003598
685.677002 0.377144 0.376184 0.000960 -0.003593 0.000008 -0.003601
686.788025 0.376947 0.375987 0.000960 -0.003595 0.000007 -0.003602
687.898987 0.376742 0.375783 0.000959 -0.003597 0.000006 -0.003603
689.010010 0.376518 0.375558 0.000959 -0.003604 0.000002 -0.003606
690.121033 0.376310 0.375358 0.000952 -0.003604 0.000002 -0.003606
691.231995 0.376094 0.375151 0.000943 -0.003610 0.000005 -0.003615
692.343018 0.375929 0.374991 0.000938 -0.003615 0.000006 -0.003621
693.453979 0.375718 0.374780 0.000938 -0.003617 0.000007 -0.003624
694.565002 0.375508 0.374575 0.000933 -0.003625 0.000004 -0.003629
695.676025 0.375279 0.374348 0.000931 -0.003627 0.000004 -0.003631
696.786987 0.375099 0.374173 0.000927 -0.003635 0.000004 -0.003639
697.898010 0.374880 0.373953 0.000927 -0.003646 0.000003 -0.003649
699.009033 0.374674 0.373750 0.000925 -0.003648 0.000002 -0.003650
700.119995 0.374459 0.373524 0.000935 -0.003653 0.000003 -0.003656
701.231018 0.374240 0.373297 0.000943 -0.003658 0.000008 -0.003666
702.341980 0.374058 0.373121 0.000937 -0.003658 0.000004 -0.003662
703.453003 0.373863 0.372937 0.000926 -0.003661 0.000003 -0.003664
704.564026 0.373685 0.372753 0.000933 -0.003665 0.000001 -0.003666
705.674988 0.373484 0.372531 0.000953 -0.003666 0.000001 -0.003667
706.786011 0.373319 0.372381 0.000938 -0.003673 0.000002 -0.003675
707.897034 0.373089 0.372137 0.000952 -0.003681 0.000001 -0.003683
709.007996 0.372902 0.371960 0.000942 -0.003688 0.000003 -0.003691
710.119019 0.372733 0.371791 0.000943 -0.003696 0.000007 -0.003702
711.229981 0.372518 0.371582 0.000936 -0.003694 0.000011 -0.003705
712.341003 0.372312 0.371366 0.000945 -0.003697 0.000013 -0.003710
713.452026 0.372200 0.371255 0.000945 -0.003698 0.000018 -0.003717
714.562988 0.372019 0.371074 0.000945 -0.003703 0.000019 -0.003722
715.674011 0.371848 0.370914 0.000933 -0.003714 0.000013 -0.003727
716.785034 0.371663 0.370718 0.000946 -0.003714 0.000012 -0.003727
717.895996 0.371483 0.370528 0.000955 -0.003717 0.000015 -0.003731
719.007019 0.371250 0.370292 0.000958 -0.003720 0.000011 -0.003731
720.117981 0.371029 0.370077 0.000953 -0.003722 0.000016 -0.003738
721.229004 0.370845 0.369885 0.000959 -0.003726 0.000024 -0.003750
722.340027 0.370669 0.369739 0.000931 -0.003725 0.000025 -0.003751
723.450989 0.370499 0.369567 0.000931 -0.003728 0.000019 -0.003747
724.562012 0.370371 0.369425 0.000947 -0.003739 0.000018 -0.003757
725.673035 0.370186 0.369239 0.000947 -0.003744 0.000020 -0.003764
726.783997 0.370003 0.369053 0.000949 -0.003743 0.000017 -0.003760
727.895019 0.369884 0.368956 0.000928 -0.003748 0.000020 -0.003768
729.005981 0.369674 0.368725 0.000948 -0.003756 0.000013 -0.003769
730.117004 0.369547 0.368601 0.000945 -0.003762 0.000012 -0.003775
731.228027 0.369405 0.368434 0.000971 -0.003768 0.000010 -0.003778
732.338989 0.369192 0.368249 0.000943 -0.003771 0.000003 -0.003774
733.450012 0.369086 0.368149 0.000937 -0.003784 -0.000002 -0.003782
734.560974 0.368932 0.367982 0.000950 -0.003789 0.000003 -0.003792
735.671997 0.368729 0.367783 0.000945 -0.003789 -0.000005 -0.003784
736.783020 0.368569 0.367627 0.000942 -0.003798 -0.000014 -0.003784
737.893982 0.368401 0.367436 0.000966 -0.003793 -0.000009 -0.003784
739.005005 0.368224 0.367265 0.000959 -0.003805 -0.000011 -0.003794
740.116028 0.368029 0.367074 0.000955 -0.003808 -0.000009 -0.003799
741.226990 0.367904 0.366959 0.000944 -0.003806 -0.000012 -0.003794
742.338013 0.367817 0.366888 0.000929 -0.003819 -0.000022 -0.003797
743.448975 0.367648 0.366710 0.000937 -0.003829 -0.000017 -0.003812
744.559998 0.367458 0.366524 0.000934 -0.003836 -0.000018 -0.003818
745.671021 0.367290 0.366361 0.000929 -0.003835 -0.000013 -0.003822
746.781982 0.367093 0.366166 0.000927 -0.003835 -0.000010 -0.003825
747.893005 0.366960 0.366025 0.000935 -0.003839 -0.000005 -0.003834
749.004028 0.366839 0.365921 0.000918 -0.003844 -0.000006 -0.003837
750.114990 0.366665 0.365724 0.000940 -0.003844 -0.000018 -0.003826
751.226013 0.366557 0.365639 0.000918 -0.003845 -0.000021 -0.003824
752.336975 0.366398 0.365497 0.000901 -0.003853 -0.000019 -0.003834
753.447998 0.366111 0.365200 0.000911 -0.003857 -0.000016 -0.003842
754.559021 0.366002 0.365072 0.000930 -0.003854 -0.000013 -0.003841
755.669983 0.365833 0.364913 0.000920 -0.003863 -0.000015 -0.003848
756.781006 0.365701 0.364787 0.000914 -0.003876 -0.000020 -0.003856
757.892029 0.365519 0.364604 0.000915 -0.003887 -0.000017 -0.003870
759.002991 0.365373 0.364482 0.000891 -0.003882 -0.000006 -0.003876
760.114014 0.365217 0.364327 0.000890 -0.003902 -0.000020 -0.003882
761.224976 0.365117 0.364220 0.000897 -0.003904 -0.000017 -0.003887
762.335998 0.365017 0.364153 0.000864 -0.003899 -0.000021 -0.003878
763.447022 0.364928 0.364061 0.000867 -0.003902 -0.000013 -0.003889
764.557983 0.364802 0.363922 0.000879 -0.003894 -0.000011 -0.003883
765.669006 0.364637 0.363806 0.000831 -0.003901 -0.000020 -0.003881
766.780029 0.364470 0.363579 0.000891 -0.003911 -0.000025 -0.003886
767.890991 0.364326 0.363418 0.000908 -0.003923 -0.000039 -0.003884
769.002014 0.364141 0.363263 0.000878 -0.003927 -0.000036 -0.003891
770.112976 0.363943 0.363030 0.000913 -0.003932 -0.000026 -0.003906
771.223999 0.363690 0.362743 0.000947 -0.003945 -0.000027 -0.003918
772.335022 0.363524 0.362636 0.000889 -0.003951 -0.000020 -0.003931
773.445984 0.363443 0.362556 0.000887 -0.003957 -0.000011 -0.003947
774.557007 0.363292 0.362383 0.000908 -0.003959 -0.000017 -0.003942
775.668030 0.363248 0.362359 0.000889 -0.003950 -0.000007 -0.003943
776.778992 0.363107 0.362215 0.000892 -0.003966 -0.000022 -0.003944
777.890015 0.362971 0.362058 0.000913 -0.003959 -0.000008 -0.003951
779.000977 0.362742 0.361860 0.000882 -0.003961 -0.000013 -0.003948
780.112000 0.362628 0.361743 0.000885 -0.003964 -0.000015 -0.003949
781.223022 0.362500 0.361545 0.000955 -0.003968 -0.000013 -0.003955
782.333984 0.362383 0.361433 0.000949 -0.003946 0.000009 -0.003954
783.445007 0.362255 0.361292 0.000963 -0.003934 0.000007 -0.003942
784.556030 0.362134 0.361170 0.000964 -0.003946 0.000010 -0.003955
785.666992 0.362010 0.361046 0.000964 -0.003948 0.000040 -0.003989
786.778015 0.361852 0.360864 0.000988 -0.003952 0.000049 -0.004001
787.888977 0.361769 0.360766 0.001003 -0.003959 0.000037 -0.003996
789.000000 0.361868 0.360940 0.000928 -0.003958 0.000035 -0.003994
790.111023 0.361933 0.361033 0.000900 -0.003956 0.000045 -0.004001
791.221985 0.362041 0.361127 0.000914 -0.003963 0.000045 -0.004007
792.333008 0.362072 0.361214 0.000858 -0.003965 0.000038 -0.004002
793.444031 0.362206 0.361401 0.000805 -0.003969 0.000038 -0.004007
794.554993 0.362243 0.361423 0.000820 -0.003968 0.000038 -0.004006
795.666016 0.362245 0.361407 0.000838 -0.003970 0.000043 -0.004014
796.776978 0.362318 0.361475 0.000844 -0.003967 0.000049 -0.004016
797.888000 0.362364 0.361548 0.000816 -0.003989 0.000035 -0.004025
798.999084 0.362431 0.361614 0.000817 -0.003983 0.000049 -0.004032
800.110046 0.362474 0.361663 0.000811 -0.003982 0.000040 -0.004022
801.221069 0.362590 0.361763 0.000827 -0.003982 0.000047 -0.004028
802.332031 0.362618 0.361794 0.000824 -0.003981 0.000047 -0.004028
803.443054 0.362671 0.361874 0.000797 -0.003980 0.000043 -0.004024
804.554077 0.362719 0.361933 0.000787 -0.003996 0.000041 -0.004037
805.665039 0.362783 0.362051 0.000733 -0.004003 0.000050 -0.004053
806.776062 0.362828 0.362054 0.000774 -0.004012 0.000038 -0.004050
807.887085 0.362795 0.362015 0.000781 -0.004019 0.000000 -0.004019
808.998047 0.362856 0.362115 0.000742 -0.004026 -0.000006 -0.004020
810.109070 0.362929 0.362166 0.000763 -0.004023 0.000011 -0.004034
811.220032 0.362847 0.362059 0.000788 -0.004031 0.000008 -0.004039
812.331055 0.362748 0.361951 0.000798 -0.004036 0.000008 -0.004043
813.442078 0.362594 0.361791 0.000803 -0.004023 0.000011 -0.004034
814.553040 0.362555 0.361741 0.000813 -0.004018 0.000016 -0.004034
815.664063 0.362442 0.361624 0.000818 -0.004021 0.000010 -0.004030
816.775085 0.362357 0.361502 0.000855 -0.004029 0.000007 -0.004036
817.886047 0.362241 0.361380 0.000861 -0.004030 -0.000000 -0.004029
818.997070 0.362131 0.361299 0.000832 -0.004034 -0.000003 -0.004031
820.108032 0.362025 0.361201 0.000824 -0.004028 -0.000005 -0.004022
821.219055 0.361903 0.361094 0.000809 -0.004024 -0.000008 -0.004017
822.330078 0.361798 0.361007 0.000790 -0.004024 0.000001 -0.004026
823.441040 0.361745 0.360954 0.000791 -0.004025 0.000001 -0.004025
824.552063 0.361674 0.360871 0.000803 -0.004035 0.000006 -0.004042
825.663086 0.361492 0.360700 0.000792 -0.004046 -0.000002 -0.004044
826.774048 0.361383 0.360589 0.000794 -0.004039 0.000006 -0.004045
827.885071 0.361258 0.360449 0.000809 -0.004046 0.000005 -0.004051
828.996033 0.361162 0.360351 0.000811 -0.004050 0.000009 -0.004058
830.107056 0.361063 0.360269 0.000794 -0.004059 0.000011 -0.004070
831.218079 0.360944 0.360128 0.000816 -0.004061 0.000021 -0.004082
832.329041 0.360824 0.359991 0.000833 -0.004051 0.000024 -0.004076
833.440063 0.360708 0.359859 0.000849 -0.004048 0.000022 -0.004069
834.551025 0.360618 0.359764 0.000854 -0.004048 0.000014 -0.004062
835.662048 0.360537 0.359687 0.000850 -0.004048 0.000011 -0.004059
836.773071 0.360387 0.359551 0.000836 -0.004053 0.000009 -0.004063
837.884033 0.360268 0.359439 0.000829 -0.004070 0.000008 -0.004078
838.995056 0.360132 0.359315 0.000817 -0.004080 0.000007 -0.004087
840.106079 0.359970 0.359160 0.000810 -0.004077 0.000019 -0.004096
841.217041 0.359881 0.359111 0.000770 -0.004079 0.000021 -0.004100
842.328064 0.359839 0.359056 0.000783 -0.004086 0.000021 -0.004108
843.439026 0.359649 0.358835 0.000815 -0.004097 0.000020 -0.004117
844.550049 0.359511 0.358740 0.000772 -0.004096 0.000017 -0.004113
845.661072 0.359385 0.358541 0.000844 -0.004089 0.000010 -0.004100
846.772034 0.359210 0.358386 0.000825 -0.004102 -0.000012 -0.004091
847.883057 0.359200 0.358407 0.000793 -0.004104 -0.000023 -0.004081
848.994080 0.359161 0.358334 0.000827 -0.004118 -0.000025 -0.004093
850.105041 0.358947 0.358099 0.000848 -0.004082 -0.000016 -0.004066
851.216065 0.358758 0.357976 0.000782 -0.004078 -0.000024 -0.004053
852.327026 0.358681 0.357911 0.000770 -0.004113 -0.000025 -0.004088
853.438049 0.358544 0.357753 0.000791 -0.004130 -0.000043 -0.004088
854.549072 0.358498 0.357834 0.000664 -0.004112 -0.000031 -0.004081
855.660034 0.358488 0.357844 0.000644 -0.004159 -0.000043 -0.004117
856.771057 0.358539 0.357895 0.000644 -0.004200 -0.000101 -0.004099
857.882080 0.358401 0.357781 0.000619 -0.004227 -0.000063 -0.004164
858.993042 0.358364 0.357622 0.000742 -0.004250 -0.000091 -0.004159
860.104065 0.358346 0.357548 0.000798 -0.004240 -0.000213 -0.004027
861.215027 0.358139 0.357407 0.000733 -0.004273 -0.000283 -0.003990
862.326050 0.358275 0.357541 0.000734 -0.004304 -0.000276 -0.004028
863.437073 0.358175 0.357382 0.000793 -0.004292 -0.000255 -0.004036
864.548035 0.357752 0.356968 0.000784 -0.004268 -0.000388 -0.003880
865.659058 0.357852 0.356905 0.000947 -0.004307 -0.000386 -0.003921
866.770081 0.358085 0.357181 0.000904 -0.004447 -0.000405 -0.004042
867.881043 0.357751 0.356976 0.000775 -0.004455 -0.000396 -0.004059
868.992065 0.357704 0.356825 0.000879 -0.004353 -0.000440 -0.003913
870.103027 0.357601 0.356893 0.000707 -0.004312 -0.000263 -0.004049
871.214050 0.357312 0.356489 0.000823 -0.004494 -0.000319 -0.004175
872.325073 0.357454 0.356665 0.000789 -0.004554 -0.000331 -0.004223
873.436035 0.357304 0.356848 0.000457 -0.004629 -0.000470 -0.004159
874.547058 0.357183 0.356819 0.000363 -0.004688 -0.000621 -0.004067
875.658081 0.356985 0.356307 0.000678 -0.004663 -0.000578 -0.004084
876.769043 0.356894 0.356111 0.000783 -0.004709 -0.000477 -0.004232
877.880066 0.357019 0.356454 0.000565 -0.004671 -0.000689 -0.003982
878.991028 0.356489 0.355710 0.000779 -0.004717 -0.000534 -0.004183
880.102051 0.355853 0.354995 0.000858 -0.004774 -0.000652 -0.004122
881.213074 0.356310 0.355929 0.000381 -0.004634 -0.000346 -0.004289
882.324036 0.355709 0.354929 0.000779 -0.004656 -0.000478 -0.004178
883.435059 0.355385 0.354519 0.000866 -0.004466 -0.000426 -0.004040
884.546082 0.355826 0.354778 0.001048 -0.004561 -0.000288 -0.004273
885.657043 0.354600 0.354029 0.000571 -0.004607 -0.000724 -0.003883
886.768066 0.353638 0.352424 0.001213 -0.004510 -0.000488 -0.004022
887.879028 0.353855 0.353069 0.000786 -0.004291 -0.000390 -0.003902
888.990051 0.353402 0.352512 0.000890 -0.004167 -0.000382 -0.003785
890.101074 0.353456 0.352509 0.000947 -0.004175 -0.000384 -0.003791
891.212036 0.353304 0.352453 0.000851 -0.004262 -0.000321 -0.003940
892.323059 0.353087 0.352033 0.001054 -0.004310 -0.000481 -0.003828
893.434082 0.353074 0.352178 0.000896 -0.004129 -0.000433 -0.003696
894.545044 0.352766 0.351846 0.000920 -0.004117 -0.000435 -0.003681
895.656067 0.352730 0.351430 0.001300 -0.004049 -0.000286 -0.003763
896.767029 0.352575 0.351148 0.001426 -0.003960 -0.000139 -0.003821
897.878052 0.352550 0.351452 0.001098 -0.003968 -0.000166 -0.003802
898.989075 0.352337 0.351240 0.001097 -0.003954 -0.000286 -0.003668
900.100037 0.351870 0.350544 0.001326 -0.003960 -0.000065 -0.003895
901.211060 0.351970 0.350861 0.001109 -0.003884 -0.000157 -0.003727
902.322082 0.352401 0.351330 0.001071 -0.003819 -0.000079 -0.003740
903.433044 0.351652 0.350204 0.001448 -0.003952 -0.000370 -0.003582
904.544067 0.351925 0.350901 0.001024 -0.003925 -0.000106 -0.003819
905.655029 0.352128 0.351116 0.001013 -0.004087 -0.000082 -0.004006
906.766052 0.351238 0.350413 0.000825 -0.003968 -0.000228 -0.003740
907.877075 0.352175 0.350879 0.001296 -0.003947 0.000181 -0.004128
908.988037 0.353134 0.352458 0.000676 -0.004068 0.000079 -0.004147
910.099060 0.352550 0.351634 0.000916 -0.004255 -0.000015 -0.004240
911.210022 0.352465 0.351550 0.000916 -0.004253 -0.000007 -0.004247
912.321045 0.352367 0.351448 0.000919 -0.004260 -0.000013 -0.004247
913.432068 0.352284 0.351375 0.000909 -0.004261 -0.000011 -0.004250
914.543030 0.352204 0.351290 0.000914 -0.004267 -0.000017 -0.004250
915.654053 0.352105 0.351188 0.000917 -0.004278 -0.000025 -0.004253
916.765076 0.352014 0.351100 0.000914 -0.004278 -0.000020 -0.004259
917.876038 0.351935 0.351025 0.000911 -0.004281 -0.000020 -0.004260
918.987060 0.351846 0.350934 0.000911 -0.004283 -0.000012 -0.004271
920.098022 0.351755 0.350853 0.000902 -0.004293 -0.000022 -0.004271
921.209045 0.351671 0.350759 0.000912 -0.004290 -0.000024 -0.004266
922.320068 0.351568 0.350661 0.000908 -0.004281 -0.000013 -0.004267
923.431030 0.351472 0.350567 0.000904 -0.004281 -0.000002 -0.004278
924.542053 0.351384 0.350487 0.000898 -0.004281 0.000005 -0.004286
925.653076 0.351280 0.350389 0.000891 -0.004284 0.000010 -0.004293
926.764038 0.351185 0.350300 0.000884 -0.004289 0.000010 -0.004299
927.875061 0.351087 0.350215 0.000872 -0.004285 0.000012 -0.004297
928.986023 0.350997 0.350127 0.000870 -0.004294 -0.000005 -0.004288
930.097046 0.350910 0.350034 0.000876 -0.004279 0.000004 -0.004283
931.208069 0.350833 0.349955 0.000877 -0.004282 0.000005 -0.004287
932.319031 0.350742 0.349860 0.000883 -0.004284 0.000003 -0.004287
933.430054 0.350649 0.349775 0.000874 -0.004292 -0.000005 -0.004287
934.541077 0.350572 0.349696 0.000876 -0.004286 -0.000003 -0.004282
935.652039 0.350477 0.349593 0.000885 -0.004286 -0.000005 -0.004281
936.763062 0.350386 0.349513 0.000872 -0.004280 0.000001 -0.004281
937.874023 0.350296 0.349422 0.000874 -0.004275 0.000002 -0.004277
938.985046 0.350212 0.349330 0.000882 -0.004272 0.000003 -0.004274
940.096069 0.350123 0.349240 0.000882 -0.004265 0.000007 -0.004272
941.207031 0.350041 0.349163 0.000878 -0.004265 -0.000003 -0.004262
942.318054 0.349961 0.349085 0.000876 -0.004257 0.000001 -0.004258
943.429077 0.349871 0.349012 0.000859 -0.004247 0.000006 -0.004252
944.540039 0.349793 0.348924 0.000869 -0.004249 0.000008 -0.004257
945.651062 0.349718 0.348854 0.000864 -0.004237 -0.000002 -0.004236
946.762024 0.349631 0.348779 0.000852 -0.004224 -0.000001 -0.004223
947.873047 0.349555 0.348700 0.000855 -0.004200 -0.000006 -0.004194
948.984070 0.349476 0.348623 0.000853 -0.004182 -0.000004 -0.004178
950.095032 0.349404 0.348549 0.000855 -0.004163 -0.000007 -0.004156
951.206055 0.349327 0.348474 0.000852 -0.004138 0.000007 -0.004145
952.317078 0.349248 0.348399 0.000850 -0.004119 0.000002 -0.004122
953.428040 0.349161 0.348313 0.000848 -0.004095 0.000005 -0.004101
954.539063 0.349079 0.348224 0.000855 -0.004058 0.000008 -0.004066
955.650024 0.348992 0.348128 0.000863 -0.004013 0.000011 -0.004024
956.761047 0.348905 0.348047 0.000858 -0.003972 0.000012 -0.003984
957.872070 0.348822 0.347963 0.000859 -0.003928 -0.000000 -0.003928
958.983032 0.348746 0.347878 0.000868 -0.003864 0.000002 -0.003865
960.094055 0.348661 0.347786 0.000875 -0.003791 0.000006 -0.003797
961.205078 0.348578 0.347704 0.000875 -0.003718 -0.000001 -0.003716
962.316040 0.348503 0.347626 0.000877 -0.003648 -0.000009 -0.003638
963.427063 0.348422 0.347545 0.000877 -0.003555 -0.000009 -0.003546
964.538025 0.348343 0.347461 0.000882 -0.003454 -0.000011 -0.003444
965.649048 0.348265 0.347373 0.000891 -0.003359 -0.000018 -0.003341
966.760071 0.348181 0.347294 0.000887 -0.003236 -0.000030 -0.003206
967.871033 0.348108 0.347216 0.000892 -0.003102 -0.000028 -0.003075
968.982056 0.348033 0.347130 0.000903 -0.002958 -0.000034 -0.002924
970.093079 0.347961 0.347061 0.000900 -0.002797 -0.000035 -0.002762
971.204041 0.347896 0.346996 0.000899 -0.002616 -0.000043 -0.002574
972.315063 0.347822 0.346922 0.000900 -0.002425 -0.000053 -0.002372
973.426025 0.347741 0.346837 0.000904 -0.002217 -0.000068 -0.002149
974.537048 0.347665 0.346757 0.000908 -0.001975 -0.000079 -0.001897
975.648071 0.347583 0.346669 0.000913 -0.001717 -0.000092 -0.001625
976.759033 0.347509 0.346599 0.000910 -0.001443 -0.000103 -0.001339
977.870056 0.347453 0.346538 0.000915 -0.001141 -0.000119 -0.001022
978.981018 0.347388 0.346480 0.000909 -0.000808 -0.000129 -0.000679
980.092041 0.347325 0.346412 0.000914 -0.000446 -0.000135 -0.000311
981.203064 0.347251 0.346334 0.000917 -0.000060 -0.000150 0.000090
982.314026 0.347188 0.346274 0.000914 0.000359 -0.000168 0.000526
983.425049 0.347127 0.346207 0.000920 0.000814 -0.000173 0.000987
984.536072 0.347053 0.346133 0.000921 0.001310 -0.000190 0.001500
985.647034 0.346992 0.346062 0.000930 0.001845 -0.000201 0.002046
986.758057 0.346921 0.345989 0.000932 0.002415 -0.000223 0.002638
987.869019 0.346862 0.345919 0.000942 0.003039 -0.000246 0.003285
988.980041 0.346804 0.345848 0.000956 0.003707 -0.000263 0.003970
990.091065 0.346737 0.345769 0.000968 0.004421 -0.000288 0.004709
991.202026 0.346677 0.345702 0.000975 0.005192 -0.000312 0.005504
992.313049 0.346617 0.345628 0.000989 0.006019 -0.000332 0.006351
993.424072 0.346561 0.345558 0.001002 0.006904 -0.000358 0.007262
994.535034 0.346499 0.345478 0.001021 0.007857 -0.000382 0.008239
995.646057 0.346457 0.345418 0.001039 0.008879 -0.000411 0.009290
996.757019 0.346409 0.345353 0.001056 0.009957 -0.000445 0.010403
997.868042 0.346376 0.345302 0.001074 0.011122 -0.000482 0.011605
998.979065 0.346336 0.345232 0.001103 0.012367 -0.000512 0.012879
1000.090027 0.346286 0.345156 0.001130 0.013691 -0.000534 0.014225
1001.201050 0.346247 0.345074 0.001173 0.015095 -0.000575 0.015671
1002.312073 0.346214 0.344999 0.001215 0.016592 -0.000608 0.017199
1003.423035 0.346193 0.344940 0.001254 0.018181 -0.000652 0.018833
1004.534058 0.346178 0.344878 0.001301 0.019862 -0.000695 0.020557
1005.645020 0.346168 0.344819 0.001350 0.021649 -0.000756 0.022405
1006.756042 0.346171 0.344755 0.001416 0.023546 -0.000798 0.024344
1007.867065 0.346173 0.344690 0.001482 0.025537 -0.000856 0.026393
1008.978027 0.346196 0.344631 0.001565 0.027652 -0.000906 0.028559
1010.089050 0.346221 0.344570 0.001651 0.029883 -0.000961 0.030844
1011.200073 0.346266 0.344517 0.001748 0.032231 -0.001018 0.033249
1012.311035 0.346326 0.344465 0.001861 0.034694 -0.001084 0.035778
1013.422058 0.346402 0.344411 0.001991 0.037294 -0.001154 0.038448
1014.533020 0.346494 0.344355 0.002139 0.040017 -0.001230 0.041248
1015.644043 0.346593 0.344290 0.002303 0.042877 -0.001299 0.044176
1016.755066 0.346723 0.344248 0.002475 0.045870 -0.001382 0.047252
1017.866028 0.346869 0.344191 0.002678 0.049008 -0.001461 0.050470
1018.977051 0.347038 0.344142 0.002896 0.052276 -0.001542 0.053818
1020.088074 0.347231 0.344095 0.003135 0.055686 -0.001624 0.057310
1021.199036 0.347454 0.344050 0.003404 0.059255 -0.001719 0.060974
1022.310059 0.347711 0.344014 0.003697 0.062965 -0.001824 0.064789
1023.421021 0.347992 0.343975 0.004018 0.066830 -0.001917 0.068747
1024.532104 0.348313 0.343946 0.004367 0.070839 -0.002023 0.072862
1025.643066 0.348672 0.343916 0.004756 0.075008 -0.002128 0.077136
1026.754028 0.349064 0.343879 0.005185 0.079322 -0.002240 0.081562
1027.864990 0.349495 0.343855 0.005640 0.083784 -0.002350 0.086135
1028.976074 0.349971 0.343837 0.006134 0.088406 -0.002474 0.090880
1030.087036 0.350496 0.343819 0.006676 0.093178 -0.002590 0.095768
1031.197998 0.351060 0.343805 0.007255 0.098090 -0.002718 0.100808
1032.309082 0.351671 0.343790 0.007881 0.103140 -0.002844 0.105984
1033.420044 0.352339 0.343793 0.008546 0.108344 -0.002973 0.111317
1034.531006 0.353055 0.343800 0.009255 0.113689 -0.003100 0.116789
1035.642090 0.353824 0.343809 0.010015 0.119139 -0.003233 0.122372
1036.753052 0.354652 0.343821 0.010831 0.124735 -0.003375 0.128110
1037.864014 0.355540 0.343848 0.011693 0.130447 -0.003517 0.133964
1038.975098 0.356479 0.343868 0.012610 0.136264 -0.003654 0.139917
1040.086060 0.357475 0.343894 0.013580 0.142190 -0.003797 0.145987
1041.197021 0.358536 0.343924 0.014612 0.148227 -0.003937 0.152164
1042.308105 0.359650 0.343951 0.015699 0.154344 -0.004087 0.158431
1043.419067 0.360820 0.343992 0.016828 0.160523 -0.004242 0.164765
1044.530029 0.362063 0.344049 0.018014 0.166806 -0.004390 0.171195
1045.640991 0.363360 0.344106 0.019254 0.173148 -0.004542 0.177690
1046.752075 0.364714 0.344160 0.020553 0.179564 -0.004702 0.184266
1047.863037 0.366128 0.344218 0.021910 0.186037 -0.004858 0.190894
1048.973999 0.367622 0.344290 0.023332 0.192618 -0.005018 0.197636
1050.085083 0.369178 0.344358 0.024820 0.199271 -0.005170 0.204441
1051.196045 0.370801 0.344430 0.026371 0.205981 -0.005325 0.211306
1052.307007 0.372495 0.344527 0.027968 0.212743 -0.005488 0.218230
1053.418091 0.374229 0.344616 0.029613 0.219479 -0.005635 0.225114
1054.529053 0.375993 0.344703 0.031290 0.226153 -0.005796 0.231948
1055.640015 0.377770 0.344782 0.032988 0.232752 -0.005949 0.238701
1056.751099 0.379572 0.344862 0.034710 0.239266 -0.006105 0.245371
1057.862061 0.381391 0.344949 0.036442 0.245687 -0.006254 0.251941
1058.973022 0.383208 0.345037 0.038171 0.251987 -0.006396 0.258382
1060.083984 0.385042 0.345133 0.039909 0.258182 -0.006546 0.264728
1061.195068 0.386873 0.345228 0.041646 0.264273 -0.006691 0.270964
1062.306030 0.388708 0.345325 0.043383 0.270247 -0.006832 0.277079
1063.416992 0.390535 0.345421 0.045114 0.276090 -0.006972 0.283062
1064.528076 0.392366 0.345523 0.046843 0.281829 -0.007105 0.288935
1065.639038 0.394180 0.345617 0.048564 0.287438 -0.007232 0.294671
1066.750000 0.395972 0.345697 0.050275 0.292890 -0.007364 0.300254
1067.861084 0.397758 0.345776 0.051982 0.298223 -0.007487 0.305710
1068.972046 0.399523 0.345868 0.053655 0.303393 -0.007608 0.311001
1070.083008 0.401263 0.345943 0.055320 0.308426 -0.007714 0.316140
1071.194092 0.402963 0.346024 0.056939 0.313251 -0.007827 0.321078
1072.305054 0.404632 0.346101 0.058531 0.317910 -0.007932 0.325842
1073.416016 0.406260 0.346182 0.060078 0.322370 -0.008043 0.330413
1074.527100 0.407844 0.346254 0.061591 0.326666 -0.008148 0.334814
1075.638062 0.409404 0.346319 0.063086 0.330859 -0.008253 0.339112
1076.749023 0.410954 0.346403 0.064550 0.334959 -0.008357 0.343316
1077.859985 0.412491 0.346478 0.066012 0.338985 -0.008460 0.347445
1078.971069 0.414012 0.346556 0.067457 0.342935 -0.008555 0.351491
1080.082031 0.415520 0.346626 0.068893 0.346835 -0.008650 0.355485
1081.192993 0.417019 0.346685 0.070334 0.350671 -0.008745 0.359416
1082.304077 0.418498 0.346747 0.071752 0.354435 -0.008833 0.363267
1083.415039 0.419983 0.346810 0.073173 0.358150 -0.008919 0.367069
1084.526001 0.421447 0.346875 0.074573 0.361799 -0.009004 0.370804
1085.637085 0.422903 0.346943 0.075961 0.365390 -0.009093 0.374482
1086.748047 0.424342 0.346999 0.077343 0.368913 -0.009169 0.378083
1087.859009 0.425785 0.347066 0.078718 0.372398 -0.009249 0.381647
1088.970093 0.427207 0.347123 0.080084 0.375823 -0.009326 0.385150
1090.081055 0.428611 0.347185 0.081427 0.379180 -0.009403 0.388582
1091.192017 0.430000 0.347243 0.082757 0.382491 -0.009471 0.391962
1092.303101 0.431360 0.347295 0.084065 0.385719 -0.009552 0.395271
1093.414063 0.432712 0.347353 0.085360 0.388908 -0.009621 0.398529
1094.525024 0.434044 0.347408 0.086636 0.392007 -0.009702 0.401710
1095.635986 0.435354 0.347457 0.087897 0.395077 -0.009767 0.404844
1096.747070 0.436648 0.347495 0.089153 0.398075 -0.009833 0.407908
1097.858032 0.437929 0.347557 0.090372 0.401007 -0.009903 0.410910
1098.968994 0.439195 0.347607 0.091588 0.403906 -0.009960 0.413865
1100.080078 0.440439 0.347667 0.092772 0.406738 -0.010022 0.416760
1101.191040 0.441666 0.347706 0.093960 0.409524 -0.010083 0.419607
1102.302002 0.442877 0.347749 0.095129 0.412253 -0.010146 0.422398
1103.413086 0.444074 0.347804 0.096270 0.414943 -0.010209 0.425152
1104.524048 0.445250 0.347844 0.097406 0.417577 -0.010275 0.427852
1105.635010 0.446400 0.347877 0.098523 0.420157 -0.010335 0.430492
1106.746094 0.447537 0.347910 0.099626 0.422692 -0.010397 0.433089
1107.857056 0.448655 0.347945 0.100710 0.425184 -0.010453 0.435637
1108.968018 0.449745 0.347973 0.101772 0.427629 -0.010518 0.438147
1110.079102 0.450818 0.348001 0.102817 0.430014 -0.010582 0.440596
1111.190063 0.451875 0.348026 0.103849 0.432361 -0.010617 0.442978
1112.301025 0.452904 0.348043 0.104862 0.434665 -0.010666 0.445331
1113.411987 0.453925 0.348067 0.105859 0.436930 -0.010731 0.447662
1114.523071 0.454942 0.348104 0.106839 0.439159 -0.010774 0.449933
1115.634033 0.455934 0.348120 0.107815 0.441335 -0.010841 0.452176
1116.744995 0.456915 0.348149 0.108766 0.443485 -0.010894 0.454380
1117.856079 0.457885 0.348175 0.109709 0.445574 -0.010953 0.456527
1118.967041 0.458834 0.348207 0.110628 0.447653 -0.010993 0.458646
1120.078003 0.459770 0.348215 0.111554 0.449699 -0.011037 0.460736
1121.189087 0.460694 0.348233 0.112461 0.451694 -0.011088 0.462782
1122.300049 0.461605 0.348244 0.113361 0.453666 -0.011131 0.464796
1123.411011 0.462482 0.348252 0.114230 0.455607 -0.011154 0.466762
1124.522095 0.463336 0.348256 0.115080 0.457516 -0.011192 0.468708
1125.633057 0.464194 0.348261 0.115933 0.459381 -0.011238 0.470620
1126.744019 0.465051 0.348279 0.116772 0.461231 -0.011277 0.472508
1127.854980 0.465894 0.348295 0.117599 0.463039 -0.011304 0.474343
1128.966064 0.466718 0.348316 0.118401 0.464804 -0.011353 0.476156
1130.077026 0.467528 0.348333 0.119195 0.466543 -0.011379 0.477922
1131.187988 0.468324 0.348354 0.119970 0.468238 -0.011424 0.479662
1132.299072 0.469111 0.348378 0.120733 0.469906 -0.011462 0.481368
1133.410034 0.469889 0.348416 0.121473 0.471541 -0.011507 0.483048
1134.520996 0.470648 0.348445 0.122203 0.473147 -0.011561 0.484707
1135.632080 0.471385 0.348461 0.122924 0.474713 -0.011595 0.486308
1136.743042 0.472105 0.348479 0.123626 0.476256 -0.011649 0.487905
1137.854004 0.472822 0.348504 0.124318 0.477779 -0.011682 0.489461
1138.965088 0.473514 0.348514 0.125000 0.479282 -0.011705 0.490986
1140.076050 0.474193 0.348526 0.125667 0.480762 -0.011729 0.492491
1141.187012 0.474870 0.348549 0.126321 0.482202 -0.011760 0.493962
1142.298096 0.475526 0.348568 0.126959 0.483626 -0.011789 0.495415
1143.409058 0.476162 0.348583 0.127580 0.485024 -0.011827 0.496851
1144.520020 0.476783 0.348596 0.128187 0.486391 -0.011858 0.498249
1145.630981 0.477416 0.348633 0.128783 0.487730 -0.011920 0.499651
1146.742065 0.478044 0.348667 0.129377 0.489048 -0.011960 0.501008
1147.853027 0.478644 0.348699 0.129944 0.490347 -0.011989 0.502336
1148.963989 0.479215 0.348712 0.130503 0.491626 -0.012017 0.503643
1150.075073 0.479779 0.348739 0.131040 0.492891 -0.012058 0.504949
1151.186035 0.480335 0.348763 0.131572 0.494135 -0.012092 0.506227
1152.296997 0.480872 0.348779 0.132093 0.495363 -0.012134 0.507497
1153.408081 0.481405 0.348799 0.132607 0.496585 -0.012149 0.508735
1154.519043 0.481911 0.348807 0.133104 0.497791 -0.012170 0.509961
1155.630005 0.482400 0.348813 0.133587 0.498970 -0.012215 0.511185
1156.741089 0.482894 0.348828 0.134066 0.500144 -0.012231 0.512375
1157.852051 0.483374 0.348841 0.134533 0.501305 -0.012252 0.513557
1158.963013 0.483851 0.348856 0.134995 0.502454 -0.012279 0.514733
1160.074097 0.484303 0.348869 0.135434 0.503590 -0.012295 0.515885
1161.185059 0.484755 0.348886 0.135868 0.504725 -0.012324 0.517049
1162.296021 0.485186 0.348897 0.136290 0.505857 -0.012350 0.518207
1163.406982 0.485602 0.348898 0.136705 0.506997 -0.012386 0.519383
1164.518066 0.486010 0.348901 0.137109 0.508147 -0.012417 0.520563
1165.629028 0.486411 0.348900 0.137512 0.509329 -0.012431 0.521760
1166.739990 0.486819 0.348908 0.137911 0.510526 -0.012463 0.522989
1167.851074 0.487212 0.348897 0.138315 0.511744 -0.012479 0.524223
1168.962036 0.487592 0.348891 0.138701 0.512971 -0.012503 0.525474
1170.072998 0.487956 0.348883 0.139073 0.514182 -0.012510 0.526692
1171.184082 0.488308 0.348881 0.139426 0.515365 -0.012534 0.527899
1172.295044 0.488635 0.348867 0.139768 0.516497 -0.012560 0.529057
1173.406006 0.488945 0.348858 0.140088 0.517614 -0.012563 0.530177
1174.517090 0.489235 0.348848 0.140386 0.518687 -0.012575 0.531262
1175.628052 0.489506 0.348834 0.140672 0.519709 -0.012595 0.532303
1176.739014 0.489760 0.348823 0.140938 0.520693 -0.012616 0.533309
1177.850098 0.490008 0.348812 0.141195 0.521652 -0.012624 0.534276
1178.961060 0.490232 0.348809 0.141423 0.522557 -0.012639 0.535196
1180.072021 0.490442 0.348805 0.141637 0.523431 -0.012647 0.536078
1181.182983 0.490626 0.348790 0.141836 0.524255 -0.012654 0.536909
1182.294067 0.490798 0.348772 0.142026 0.525031 -0.012667 0.537697
1183.405029 0.490949 0.348754 0.142196 0.525757 -0.012671 0.538427
1184.515991 0.491097 0.348746 0.142351 0.526444 -0.012674 0.539118
1185.627075 0.491214 0.348725 0.142489 0.527063 -0.012676 0.539739
1186.738037 0.491323 0.348711 0.142612 0.527608 -0.012684 0.540293
1187.848999 0.491407 0.348690 0.142717 0.528076 -0.012695 0.540772
1188.960083 0.491463 0.348664 0.142798 0.528485 -0.012697 0.541182
1190.071045 0.491508 0.348654 0.142854 0.528819 -0.012705 0.541524
1191.182007 0.491535 0.348636 0.142899 0.529094 -0.012716 0.541810
1192.293091 0.491555 0.348618 0.142937 0.529332 -0.012734 0.542066
1193.404053 0.491573 0.348603 0.142969 0.529545 -0.012742 0.542286
1194.515015 0.491584 0.348582 0.143002 0.529753 -0.012748 0.542501
1195.625977 0.491591 0.348564 0.143027 0.529929 -0.012762 0.542691
1196.737061 0.491597 0.348539 0.143058 0.530100 -0.012773 0.542873
1197.848022 0.491599 0.348522 0.143077 0.530273 -0.012785 0.543058
1198.958984 0.491606 0.348506 0.143100 0.530437 -0.012778 0.543215
1200.070068 0.491605 0.348485 0.143121 0.530590 -0.012788 0.543378
1201.181030 0.491600 0.348454 0.143146 0.530730 -0.012806 0.543536
1202.291992 0.491591 0.348425 0.143166 0.530860 -0.012815 0.543675
1203.403076 0.491577 0.348397 0.143181 0.530990 -0.012822 0.543812
1204.514038 0.491566 0.348369 0.143197 0.531123 -0.012826 0.543949
1205.625000 0.491554 0.348346 0.143208 0.531249 -0.012845 0.544094
1206.736084 0.491465 0.348255 0.143210 0.531450 -0.012859 0.544308
1207.847046 0.491377 0.348159 0.143218 0.531658 -0.012865 0.544523
1208.958008 0.491289 0.348071 0.143218 0.531859 -0.012867 0.544726
1210.069092 0.491204 0.347986 0.143218 0.532052 -0.012874 0.544926
1211.180054 0.491119 0.347895 0.143224 0.532232 -0.012884 0.545117
1212.291016 0.491031 0.347804 0.143227 0.532405 -0.012884 0.545289
1213.401978 0.490944 0.347712 0.143232 0.532582 -0.012876 0.545459
1214.513062 0.490848 0.347618 0.143229 0.532752 -0.012875 0.545627
1215.624023 0.490750 0.347521 0.143230 0.532916 -0.012886 0.545802
1271.174072 0.490648 0.347416 0.143232 0.533078 -0.012885 0.545963
1272.285034 0.490557 0.347325 0.143231 0.533243 -0.012884 0.546127
1273.395996 0.490467 0.347237 0.143230 0.533394 -0.012896 0.546290
1274.507080 0.490372 0.347152 0.143220 0.533534 -0.012898 0.546432
1275.618042 0.490271 0.347050 0.143221 0.533669 -0.012913 0.546581
1276.729004 0.490166 0.346951 0.143215 0.533793 -0.012917 0.546710
1277.840088 0.490073 0.346870 0.143203 0.533933 -0.012916 0.546849
1278.951050 0.489980 0.346783 0.143197 0.534064 -0.012922 0.546986
1280.062012 0.489893 0.346703 0.143190 0.534188 -0.012924 0.547112
1281.172974 0.489797 0.346611 0.143186 0.534305 -0.012922 0.547227
1282.284058 0.489696 0.346521 0.143175 0.534416 -0.012921 0.547338
1283.395020 0.489671 0.346494 0.143177 0.534439 -0.012925 0.547364
1284.505981 0.489650 0.346484 0.143166 0.534454 -0.012929 0.547383
1285.617065 0.489623 0.346462 0.143161 0.534472 -0.012929 0.547401
1286.728027 0.489605 0.346453 0.143151 0.534491 -0.012928 0.547420
1287.838989 0.489578 0.346426 0.143152 0.534505 -0.012932 0.547437
1288.950073 0.489547 0.346398 0.143149 0.534530 -0.012935 0.547465
1290.061035 0.489511 0.346371 0.143140 0.534545 -0.012941 0.547486
1291.171997 0.489491 0.346348 0.143144 0.534563 -0.012941 0.547504
1292.283081 0.489468 0.346331 0.143136 0.534578 -0.012937 0.547515
1293.394043 0.489458 0.346331 0.143127 0.534600 -0.012937 0.547537
1294.505005 0.489435 0.346309 0.143126 0.534608 -0.012939 0.547547
1295.616089 0.489416 0.346298 0.143118 0.534624 -0.012922 0.547546
1296.727051 0.489396 0.346279 0.143117 0.534639 -0.012924 0.547563
1297.838013 0.489376 0.346269 0.143107 0.534655 -0.012916 0.547572
1298.948975 0.489355 0.346255 0.143100 0.534673 -0.012916 0.547589
1300.060059 0.489335 0.346233 0.143102 0.534686 -0.012909 0.547595
1301.171021 0.489320 0.346220 0.143099 0.534704 -0.012903 0.547607
1302.281982 0.489300 0.346203 0.143097 0.534721 -0.012903 0.547624
1303.393066 0.489284 0.346197 0.143086 0.534742 -0.012904 0.547646
1304.504028 0.489270 0.346186 0.143083 0.534751 -0.012903 0.547655
1305.614990 0.489253 0.346167 0.143086 0.534761 -0.012893 0.547654
1306.726074 0.489234 0.346147 0.143087 0.534771 -0.012897 0.547668
1307.837036 0.489202 0.346112 0.143091 0.534782 -0.012894 0.547676
1308.947998 0.489175 0.346080 0.143094 0.534794 -0.012894 0.547688
1310.059082 0.489158 0.346070 0.143088 0.534827 -0.012883 0.547710
1311.170044 0.489136 0.346053 0.143084 0.534841 -0.012882 0.547723
1312.281006 0.489124 0.346042 0.143081 0.534845 -0.012885 0.547730
1313.392090 0.489100 0.346024 0.143076 0.534847 -0.012890 0.547737
1314.503052 0.489083 0.346003 0.143080 0.534858 -0.012885 0.547742
1315.614014 0.489058 0.345984 0.143074 0.534855 -0.012886 0.547740
1316.724976 0.489034 0.345959 0.143075 0.534862 -0.012880 0.547743
1317.836060 0.489009 0.345934 0.143075 0.534861 -0.012884 0.547745
1318.947021 0.488978 0.345906 0.143073 0.534866 -0.012887 0.547754
1320.057983 0.488959 0.345893 0.143065 0.534869 -0.012894 0.547763
1321.169067 0.488942 0.345880 0.143062 0.534877 -0.012888 0.547765
1322.280029 0.488913 0.345855 0.143059 0.534881 -0.012887 0.547768
1323.390991 0.488887 0.345831 0.143056 0.534888 -0.012880 0.547768
1324.502075 0.488863 0.345812 0.143052 0.534895 -0.012878 0.547772
1325.613037 0.488844 0.345791 0.143052 0.534891 -0.012883 0.547773
1326.723999 0.488820 0.345769 0.143051 0.534901 -0.012876 0.547777
1327.835083 0.488791 0.345744 0.143046 0.534904 -0.012881 0.547785
1328.946045 0.488771 0.345726 0.143045 0.534912 -0.012872 0.547785
1330.057007 0.488759 0.345714 0.143045 0.534915 -0.012878 0.547793
1331.167969 0.488735 0.345693 0.143042 0.534912 -0.012879 0.547791
1332.279053 0.488718 0.345678 0.143039 0.534896 -0.012889 0.547785
1333.390015 0.488700 0.345664 0.143035 0.534896 -0.012882 0.547778
1334.500977 0.488674 0.345637 0.143038 0.534904 -0.012888 0.547792
1335.612061 0.488664 0.345632 0.143033 0.534915 -0.012895 0.547810
1336.723022 0.488633 0.345607 0.143026 0.534927 -0.012875 0.547802
1337.833984 0.488584 0.345560 0.143024 0.534941 -0.012879 0.547820
1338.945068 0.488547 0.345532 0.143015 0.534959 -0.012886 0.547846
1340.056030 0.488500 0.345492 0.143008 0.534993 -0.012858 0.547851
1341.166992 0.488460 0.345456 0.143004 0.535028 -0.012859 0.547887
1342.278076 0.488418 0.345409 0.143009 0.535072 -0.012840 0.547912
1343.389038 0.488357 0.345353 0.143004 0.535123 -0.012800 0.547924
1344.500000 0.488274 0.345276 0.142997 0.535168 -0.012740 0.547908
1345.611084 0.488190 0.345193 0.142996 0.535217 -0.012753 0.547970
1346.722046 0.488113 0.345123 0.142990 0.535282 -0.012693 0.547975
1347.833008 0.488027 0.345037 0.142990 0.535343 -0.012628 0.547972
1348.943970 0.487948 0.344964 0.142984 0.535426 -0.012621 0.548047
1350.055054 0.487867 0.344892 0.142975 0.535517 -0.012609 0.548126
1351.166016 0.487745 0.344780 0.142965 0.535601 -0.012570 0.548172
1352.276978 0.487624 0.344672 0.142952 0.535641 -0.012708 0.548350
1353.388062 0.487552 0.344609 0.142943 0.535720 -0.012679 0.548400
1354.499023 0.487457 0.344529 0.142928 0.535793 -0.012602 0.548395
1355.609985 0.487375 0.344454 0.142921 0.535858 -0.012690 0.548548
1356.721069 0.487311 0.344397 0.142914 0.535941 -0.012550 0.548492
1357.832031 0.487219 0.344309 0.142910 0.535980 -0.012569 0.548548
1358.942993 0.487150 0.344239 0.142912 0.536027 -0.012607 0.548635
1360.054077 0.487117 0.344208 0.142909 0.536052 -0.012574 0.548626
1361.165039 0.487062 0.344154 0.142908 0.536057 -0.012584 0.548641
1362.276001 0.487030 0.344119 0.142910 0.536032 -0.012649 0.548682
1363.387085 0.487017 0.344099 0.142918 0.535989 -0.012616 0.548605
1364.498047 0.487005 0.344090 0.142915 0.535923 -0.012613 0.548537
1365.609009 0.487000 0.344079 0.142921 0.535839 -0.012631 0.548470
1366.719971 0.487016 0.344101 0.142915 0.535762 -0.012683 0.548445
1367.831055 0.487047 0.344135 0.142912 0.535670 -0.012672 0.548342
1368.942017 0.487052 0.344138 0.142914 0.535584 -0.012693 0.548277
1370.052979 0.487057 0.344159 0.142899 0.535505 -0.012773 0.548279
1371.164063 0.487044 0.344151 0.142892 0.535405 -0.012773 0.548178
1372.275024 0.487018 0.344127 0.142891 0.535318 -0.012770 0.548089
1373.385986 0.487055 0.344156 0.142899 0.535198 -0.012867 0.548065
1374.497070 0.487103 0.344205 0.142898 0.535158 -0.012658 0.547815
1375.608032 0.487119 0.344213 0.142906 0.535056 -0.012733 0.547789
1376.718994 0.487157 0.344234 0.142922 0.534969 -0.012767 0.547735
1377.830078 0.487186 0.344255 0.142931 0.534871 -0.012672 0.547543
1378.941040 0.487211 0.344268 0.142944 0.534746 -0.012823 0.547569
1380.052002 0.487290 0.344334 0.142955 0.534661 -0.012819 0.547480
1381.163086 0.487342 0.344389 0.142952 0.534578 -0.012744 0.547322
1382.274048 0.487371 0.344421 0.142950 0.534504 -0.012805 0.547309
1383.385010 0.487419 0.344456 0.142962 0.534457 -0.012788 0.547244
1384.495972 0.487400 0.344441 0.142959 0.534483 -0.012612 0.547094
1385.607056 0.487379 0.344417 0.142962 0.534483 -0.012657 0.547140
1386.718018 0.487413 0.344435 0.142979 0.534461 -0.012713 0.547174
1387.828979 0.487470 0.344481 0.142989 0.534434 -0.012743 0.547177
1388.940063 0.487531 0.344530 0.143001 0.534446 -0.012688 0.547134
1390.051025 0.487522 0.344515 0.143007 0.534481 -0.012660 0.547141
1391.161987 0.487557 0.344534 0.143023 0.534465 -0.012757 0.547222
1392.273071 0.487641 0.344586 0.143056 0.534437 -0.012742 0.547178
1393.384033 0.487729 0.344647 0.143082 0.534434 -0.012652 0.547086
1394.494995 0.487827 0.344729 0.143098 0.534406 -0.012686 0.547092
1395.606079 0.487913 0.344798 0.143114 0.534394 -0.012621 0.547015
1396.717041 0.487986 0.344849 0.143137 0.534368 -0.012658 0.547025
1397.828003 0.488051 0.344901 0.143151 0.534357 -0.012600 0.546957
1398.939087 0.488111 0.344950 0.143161 0.534328 -0.012612 0.546940
1400.050049 0.488180 0.345009 0.143171 0.534278 -0.012696 0.546975
1401.161011 0.488274 0.345093 0.143180 0.534246 -0.012647 0.546893
1402.271973 0.488337 0.345146 0.143191 0.534214 -0.012632 0.546846
1403.383057 0.488410 0.345199 0.143211 0.534179 -0.012647 0.546826
1404.494019 0.488472 0.345239 0.143234 0.534124 -0.012662 0.546785
1405.604980 0.488563 0.345322 0.143242 0.534022 -0.012718 0.546740
1406.716064 0.488712 0.345440 0.143273 0.533907 -0.012852 0.546759
1407.827026 0.488851 0.345560 0.143291 0.533859 -0.012807 0.546666
1408.937988 0.488906 0.345604 0.143303 0.533819 -0.012766 0.546585
1410.049072 0.488953 0.345637 0.143316 0.533739 -0.012800 0.546539
1411.160034 0.489025 0.345696 0.143329 0.533649 -0.012864 0.546513
1412.270996 0.489167 0.345821 0.143346 0.533579 -0.012866 0.546444
1413.382080 0.489266 0.345912 0.143353 0.533514 -0.012817 0.546331
1414.493042 0.489330 0.345970 0.143360 0.533457 -0.012823 0.546280
1415.604004 0.489420 0.346046 0.143374 0.533363 -0.012918 0.546281
1416.714966 0.489520 0.346126 0.143394 0.533280 -0.012893 0.546173
1417.826050 0.489602 0.346198 0.143403 0.533217 -0.012903 0.546120
1418.937012 0.489688 0.346268 0.143420 0.533121 -0.012956 0.546077
1420.047974 0.489787 0.346346 0.143442 0.533052 -0.012952 0.546004
1421.159058 0.489875 0.346416 0.143458 0.532990 -0.012958 0.545948
1422.270020 0.489950 0.346475 0.143474 0.532954 -0.012910 0.545864
1423.380981 0.489996 0.346509 0.143487 0.532916 -0.012927 0.545843
1424.492065 0.490042 0.346544 0.143497 0.532867 -0.012915 0.545782
1425.603027 0.490101 0.346593 0.143509 0.532806 -0.012967 0.545773
1426.713989 0.490178 0.346650 0.143529 0.532778 -0.012916 0.545694
1427.825073 0.490212 0.346672 0.143540 0.532783 -0.012867 0.545650
1428.936035 0.490246 0.346706 0.143540 0.532751 -0.012873 0.545623
1430.046997 0.490283 0.346732 0.143551 0.532691 -0.012890 0.545581
1431.158081 0.490337 0.346774 0.143562 0.532664 -0.012879 0.545543
1432.269043 0.490390 0.346820 0.143570 0.532676 -0.012855 0.545531
1433.380005 0.490432 0.346849 0.143583 0.532652 -0.012861 0.545514
1434.490967 0.490447 0.346851 0.143596 0.532603 -0.012877 0.545479
1435.602051 0.490467 0.346859 0.143608 0.532565 -0.012889 0.545454
1436.713013 0.490488 0.346872 0.143617 0.532541 -0.012894 0.545434
1437.823975 0.490521 0.346893 0.143627 0.532511 -0.012899 0.545410
1438.935059 0.490547 0.346922 0.143625 0.532489 -0.012887 0.545376
1440.046021 0.490566 0.346932 0.143633 0.532472 -0.012880 0.545351
1441.156982 0.490579 0.346946 0.143633 0.532457 -0.012891 0.545348
1442.268066 0.490589 0.346956 0.143633 0.532425 -0.012911 0.545337
1443.379028 0.490611 0.346971 0.143640 0.532395 -0.012938 0.545333
1444.489990 0.490638 0.346995 0.143643 0.532378 -0.012908 0.545287
1445.601074 0.490656 0.347005 0.143651 0.532344 -0.012937 0.545281
1446.712036 0.490675 0.347022 0.143654 0.532324 -0.012946 0.545271
1447.822998 0.490690 0.347041 0.143649 0.532299 -0.012935 0.545234
1448.934082 0.490709 0.347064 0.143645 0.532279 -0.012939 0.545218
1450.045044 0.490725 0.347070 0.143655 0.532263 -0.012931 0.545194
1451.156006 0.490732 0.347069 0.143663 0.532234 -0.012948 0.545183
1452.266968 0.490747 0.347087 0.143660 0.532210 -0.012947 0.545157
1453.378052 0.490760 0.347107 0.143653 0.532186 -0.012961 0.545147
1454.489014 0.490768 0.347109 0.143659 0.532177 -0.012943 0.545120
1455.599976 0.490757 0.347095 0.143662 0.532169 -0.012953 0.545122
1456.711060 0.490754 0.347091 0.143662 0.532155 -0.012984 0.545139
1457.822021 0.490779 0.347121 0.143658 0.532160 -0.012963 0.545123
1458.932983 0.490786 0.347138 0.143648 0.532162 -0.012937 0.545099
1460.044067 0.490754 0.347111 0.143643 0.532175 -0.012948 0.545123
1461.155029 0.490719 0.347077 0.143643 0.532179 -0.012978 0.545157
1462.265991 0.490710 0.347068 0.143642 0.532177 -0.012991 0.545168
1463.377075 0.490702 0.347061 0.143641 0.532185 -0.012970 0.545154
1464.488037 0.490686 0.347050 0.143636 0.532182 -0.012966 0.545148
1465.598999 0.490670 0.347035 0.143635 0.532189 -0.012967 0.545156
1466.710083 0.490648 0.347018 0.143630 0.532193 -0.012975 0.545168
1467.821045 0.490624 0.347008 0.143616 0.532210 -0.012968 0.545178
1468.932007 0.490599 0.346985 0.143614 0.532229 -0.012956 0.545184
1470.042969 0.490565 0.346952 0.143613 0.532245 -0.012959 0.545205
1471.154053 0.490529 0.346928 0.143601 0.532267 -0.012970 0.545237
1472.265015 0.490504 0.346907 0.143597 0.532283 -0.012976 0.545259
1473.375977 0.490482 0.346892 0.143590 0.532305 -0.012970 0.545275
1474.487061 0.490450 0.346864 0.143586 0.532321 -0.012991 0.545312
1475.598022 0.490412 0.346832 0.143580 0.532339 -0.012997 0.545336
1476.708984 0.490381 0.346810 0.143571 0.532360 -0.013007 0.545367
1477.820068 0.490355 0.346797 0.143557 0.532378 -0.013006 0.545384
1478.931030 0.490330 0.346784 0.143546 0.532395 -0.013005 0.545400
1480.041992 0.490295 0.346758 0.143537 0.532410 -0.013013 0.545423
1481.153076 0.490261 0.346730 0.143531 0.532430 -0.013027 0.545456
1482.264038 0.490244 0.346723 0.143521 0.532445 -0.013039 0.545483
1483.375000 0.490231 0.346717 0.143514 0.532464 -0.013031 0.545494
1484.485962 0.490209 0.346707 0.143502 0.532480 -0.013033 0.545514
1485.597046 0.490182 0.346687 0.143494 0.532505 -0.013032 0.545538
1486.708008 0.490150 0.346664 0.143486 0.532535 -0.013044 0.545579
1487.818970 0.490115 0.346645 0.143470 0.532566 -0.013040 0.545606
1488.930054 0.490080 0.346615 0.143465 0.532589 -0.013052 0.545641
1490.041016 0.490048 0.346590 0.143458 0.532615 -0.013052 0.545667
1491.151978 0.490015 0.346566 0.143449 0.532639 -0.013066 0.545704
1492.263062 0.489983 0.346539 0.143445 0.532669 -0.013072 0.545741
1493.374023 0.489954 0.346510 0.143444 0.532693 -0.013068 0.545761
1494.484985 0.489918 0.346492 0.143425 0.532726 -0.013071 0.545797
1495.596069 0.489876 0.346460 0.143417 0.532758 -0.013069 0.545827
1496.707031 0.489832 0.346421 0.143411 0.532794 -0.013064 0.545857
1497.817993 0.489800 0.346396 0.143404 0.532827 -0.013073 0.545900
1498.929077 0.489758 0.346372 0.143387 0.532860 -0.013074 0.545934
1500.040039 0.489717 0.346339 0.143379 0.532898 -0.013072 0.545970
1501.151001 0.489678 0.346311 0.143367 0.532933 -0.013073 0.546006
1502.261963 0.489631 0.346267 0.143365 0.532967 -0.013079 0.546046
1503.373047 0.489594 0.346241 0.143353 0.532998 -0.013081 0.546079
1504.484009 0.489547 0.346208 0.143339 0.533037 -0.013074 0.546112
1505.594971 0.489503 0.346169 0.143333 0.533075 -0.013079 0.546154
1506.706055 0.489455 0.346129 0.143326 0.533110 -0.013085 0.546196
1507.817017 0.489415 0.346100 0.143315 0.533144 -0.013097 0.546241
1508.927979 0.489378 0.346073 0.143305 0.533179 -0.013096 0.546275
1510.039063 0.489338 0.346040 0.143298 0.533213 -0.013106 0.546319
1511.150024 0.489307 0.346023 0.143284 0.533257 -0.013096 0.546353
1512.260986 0.489276 0.346007 0.143270 0.533296 -0.013093 0.546389
1513.372070 0.489240 0.345982 0.143258 0.533335 -0.013096 0.546430
1514.483032 0.489203 0.345956 0.143247 0.533372 -0.013093 0.546465
1515.593994 0.489165 0.345928 0.143237 0.533409 -0.013087 0.546496
1516.705078 0.489127 0.345899 0.143228 0.533439 -0.013089 0.546528
1517.816040 0.489084 0.345867 0.143217 0.533471 -0.013094 0.546566
1518.927002 0.489051 0.345852 0.143199 0.533505 -0.013105 0.546610
1520.037964 0.489012 0.345820 0.143192 0.533536 -0.013100 0.546635
1521.149048 0.488986 0.345800 0.143186 0.533572 -0.013098 0.546671
1522.260010 0.488954 0.345780 0.143174 0.533597 -0.013100 0.546697
1523.370972 0.488921 0.345747 0.143174 0.533633 -0.013098 0.546731
1524.482056 0.488882 0.345726 0.143157 0.533663 -0.013101 0.546764
1525.593018 0.488851 0.345694 0.143157 0.533695 -0.013104 0.546799
1526.703979 0.488821 0.345669 0.143152 0.533711 -0.013110 0.546821
1527.815063 0.488792 0.345648 0.143144 0.533733 -0.013114 0.546847
1528.926025 0.488767 0.345631 0.143136 0.533756 -0.013119 0.546875
1530.036987 0.488737 0.345611 0.143126 0.533786 -0.013110 0.546896
1531.148071 0.488694 0.345580 0.143114 0.533813 -0.013114 0.546928
1532.259033 0.488664 0.345559 0.143104 0.533838 -0.013110 0.546948
1533.369995 0.488631 0.345537 0.143095 0.533863 -0.013112 0.546975
1534.481079 0.488594 0.345502 0.143092 0.533884 -0.013114 0.546998
1535.592041 0.488558 0.345469 0.143088 0.533908 -0.013115 0.547023
1536.703003 0.488522 0.345438 0.143085 0.533929 -0.013114 0.547043
1537.813965 0.488488 0.345410 0.143078 0.533957 -0.013118 0.547075
1538.925049 0.488460 0.345396 0.143065 0.533980 -0.013115 0.547095
1540.036011 0.488438 0.345386 0.143051 0.534004 -0.013116 0.547120
1541.146973 0.488409 0.345364 0.143045 0.534024 -0.013111 0.547136
1542.258057 0.488383 0.345349 0.143034 0.534049 -0.013110 0.547159
1543.369019 0.488351 0.345330 0.143022 0.534070 -0.013106 0.547176
1544.479980 0.488324 0.345303 0.143021 0.534092 -0.013104 0.547196
1545.591064 0.488298 0.345290 0.143008 0.534108 -0.013103 0.547211
1546.702026 0.488278 0.345268 0.143011 0.534132 -0.013096 0.547228
1547.812988 0.488247 0.345241 0.143006 0.534151 -0.013101 0.547252
1548.924072 0.488216 0.345218 0.142999 0.534176 -0.013092 0.547267
1550.035034 0.488196 0.345204 0.142993 0.534196 -0.013092 0.547287
1551.145996 0.488167 0.345177 0.142990 0.534221 -0.013087 0.547308
1552.256958 0.488145 0.345163 0.142983 0.534234 -0.013083 0.547317
1553.368042 0.488123 0.345141 0.142982 0.534251 -0.013081 0.547332
1554.479004 0.488102 0.345123 0.142978 0.534264 -0.013082 0.547347
1555.589966 0.488074 0.345097 0.142978 0.534277 -0.013082 0.547359
1556.701050 0.488052 0.345078 0.142974 0.534280 -0.013092 0.547372
1557.812012 0.488036 0.345073 0.142963 0.534287 -0.013094 0.547381
1558.922974 0.488020 0.345070 0.142950 0.534295 -0.013103 0.547398
1560.034058 0.488001 0.345065 0.142937 0.534312 -0.013101 0.547413
1561.145020 0.487981 0.345041 0.142941 0.534326 -0.013103 0.547429
1562.255981 0.487958 0.345016 0.142942 0.534333 -0.013105 0.547437
1563.367065 0.487937 0.344998 0.142939 0.534347 -0.013103 0.547450
1564.478027 0.487925 0.344989 0.142936 0.534362 -0.013104 0.547466
1565.588989 0.487906 0.344972 0.142934 0.534367 -0.013113 0.547479
1566.700073 0.487891 0.344966 0.142925 0.534381 -0.013113 0.547494
1567.811035 0.487875 0.344949 0.142927 0.534398 -0.013113 0.547511
1568.921997 0.487858 0.344940 0.142918 0.534400 -0.013125 0.547525
1570.032959 0.487844 0.344941 0.142903 0.534410 -0.013117 0.547527
1571.144043 0.487839 0.344937 0.142902 0.534425 -0.013113 0.547538
1572.255005 0.487818 0.344920 0.142898 0.534436 -0.013108 0.547544
1573.365967 0.487805 0.344919 0.142885 0.534441 -0.013101 0.547542
1574.477051 0.487786 0.344908 0.142878 0.534453 -0.013105 0.547558
1575.588013 0.487770 0.344898 0.142872 0.534470 -0.013098 0.547568
1576.698975 0.487744 0.344875 0.142869 0.534489 -0.013092 0.547581
1577.810059 0.487725 0.344868 0.142857 0.534503 -0.013096 0.547599
1578.921021 0.487716 0.344862 0.142853 0.534535 -0.013083 0.547618
1580.031982 0.487702 0.344849 0.142853 0.534548 -0.013087 0.547635
1581.143066 0.487686 0.344832 0.142854 0.534564 -0.013087 0.547651
1582.254028 0.487675 0.344827 0.142848 0.534567 -0.013097 0.547664
1583.364990 0.487661 0.344822 0.142840 0.534584 -0.013094 0.547678
1584.476074 0.487649 0.344817 0.142833 0.534600 -0.013095 0.547695
1585.587036 0.487637 0.344809 0.142828 0.534613 -0.013093 0.547706
1586.697998 0.487619 0.344797 0.142821 0.534620 -0.013102 0.547722
1587.808960 0.487593 0.344780 0.142812 0.534638 -0.013100 0.547738
1588.920044 0.487576 0.344774 0.142802 0.534653 -0.013107 0.547760
1590.031006 0.487548 0.344759 0.142789 0.534667 -0.013110 0.547777
1591.141968 0.487527 0.344751 0.142777 0.534687 -0.013106 0.547793
1592.253052 0.487508 0.344739 0.142769 0.534707 -0.013113 0.547820
1593.364014 0.487482 0.344723 0.142759 0.534729 -0.013115 0.547844
1594.474976 0.487452 0.344703 0.142749 0.534750 -0.013118 0.547869
1595.586060 0.487432 0.344687 0.142745 0.534778 -0.013125 0.547903
1596.697021 0.487409 0.344661 0.142749 0.534798 -0.013125 0.547923
1597.807983 0.487389 0.344650 0.142739 0.534819 -0.013121 0.547940
1598.919067 0.487366 0.344635 0.142731 0.534843 -0.013116 0.547959
1600.030029 0.487344 0.344620 0.142723 0.534862 -0.013114 0.547976
1601.140991 0.487311 0.344595 0.142716 0.534877 -0.013119 0.547997
1602.252075 0.487283 0.344578 0.142705 0.534908 -0.013113 0.548021
1603.363037 0.487252 0.344554 0.142698 0.534938 -0.013106 0.548043
1604.473999 0.487223 0.344531 0.142693 0.534974 -0.013098 0.548073
1605.584961 0.487193 0.344507 0.142686 0.534998 -0.013109 0.548107
1606.696045 0.487164 0.344476 0.142688 0.535038 -0.013100 0.548138
1607.807007 0.487132 0.344458 0.142673 0.535073 -0.013094 0.548167
1608.917969 0.487102 0.344436 0.142666 0.535114 -0.013080 0.548193
1610.029053 0.487070 0.344403 0.142667 0.535147 -0.013073 0.548220
1611.140015 0.487033 0.344368 0.142666 0.535185 -0.013064 0.548249
1612.250977 0.487014 0.344360 0.142654 0.535218 -0.013060 0.548278
1613.362061 0.486985 0.344330 0.142656 0.535260 -0.013045 0.548304
1614.473022 0.486949 0.344302 0.142648 0.535297 -0.013045 0.548342
1615.583984 0.486914 0.344266 0.142648 0.535327 -0.013044 0.548371
1616.695068 0.486890 0.344252 0.142637 0.535363 -0.013037 0.548400
1617.806030 0.486849 0.344218 0.142632 0.535397 -0.013029 0.548426
1618.916992 0.486822 0.344209 0.142613 0.535439 -0.013028 0.548467
1620.027954 0.486791 0.344179 0.142612 0.535471 -0.013033 0.548504
1621.139038 0.486760 0.344156 0.142603 0.535506 -0.013040 0.548545
1622.250000 0.486725 0.344123 0.142602 0.535552 -0.013032 0.548584
1623.360962 0.486697 0.344110 0.142588 0.535594 -0.013030 0.548624
1624.472046 0.486661 0.344084 0.142577 0.535641 -0.013020 0.548661
1625.583008 0.486636 0.344074 0.142562 0.535681 -0.013014 0.548695
1626.693970 0.486603 0.344045 0.142558 0.535713 -0.013017 0.548730
1627.805054 0.486576 0.344021 0.142555 0.535756 -0.013010 0.548766
1628.916016 0.486544 0.344011 0.142533 0.535792 -0.013008 0.548800
1630.026978 0.486505 0.343974 0.142531 0.535837 -0.013006 0.548842
1631.138062 0.486473 0.343950 0.142523 0.535873 -0.013002 0.548874
1632.249023 0.486449 0.343942 0.142508 0.535917 -0.012997 0.548914
1633.359985 0.486423 0.343923 0.142500 0.535961 -0.012980 0.548941
1634.471069 0.486387 0.343894 0.142493 0.536009 -0.012966 0.548975
1635.582031 0.486353 0.343867 0.142486 0.536050 -0.012964 0.549014
1636.692993 0.486320 0.343839 0.142481 0.536096 -0.012944 0.549041
1637.803955 0.486291 0.343825 0.142465 0.536156 -0.012927 0.549083
1638.915039 0.486255 0.343804 0.142451 0.536198 -0.012912 0.549110
1640.026001 0.486222 0.343784 0.142438 0.536247 -0.012885 0.549132
1641.136963 0.486191 0.343757 0.142434 0.536296 -0.012852 0.549148
1642.248047 0.486155 0.343744 0.142411 0.536352 -0.012822 0.549174
1643.359009 0.486117 0.343720 0.142397 0.536409 -0.012794 0.549203
1644.469971 0.486086 0.343704 0.142381 0.536464 -0.012755 0.549220
1645.581055 0.486035 0.343666 0.142370 0.536514 -0.012715 0.549228
1646.692017 0.486000 0.343640 0.142360 0.536570 -0.012673 0.549243
1647.802979 0.485962 0.343604 0.142358 0.536631 -0.012627 0.549258
1648.914063 0.485923 0.343581 0.142342 0.536690 -0.012564 0.549253
1650.025024 0.485884 0.343563 0.142322 0.536749 -0.012503 0.549252
1651.135986 0.485850 0.343533 0.142317 0.536815 -0.012437 0.549252
1652.247070 0.485822 0.343514 0.142309 0.536873 -0.012365 0.549238
1653.358032 0.485790 0.343486 0.142304 0.536913 -0.012296 0.549209
1654.468994 0.485752 0.343455 0.142297 0.536973 -0.012210 0.549184
1655.579956 0.485707 0.343418 0.142290 0.537032 -0.012117 0.549150
1656.691040 0.485680 0.343387 0.142293 0.537104 -0.012030 0.549135
1657.802002 0.485655 0.343370 0.142286 0.537160 -0.011929 0.549089
1658.912964 0.485625 0.343348 0.142277 0.537221 -0.011812 0.549033
1660.024048 0.485604 0.343334 0.142270 0.537283 -0.011693 0.548976
1661.135010 0.485601 0.343325 0.142277 0.537356 -0.011571 0.548927
1662.245972 0.485587 0.343308 0.142278 0.537412 -0.011453 0.548865
1663.357056 0.485560 0.343282 0.142278 0.537463 -0.011335 0.548797
1664.468018 0.485551 0.343269 0.142283 0.537520 -0.011204 0.548725
1665.578979 0.485539 0.343255 0.142284 0.537572 -0.011052 0.548624
1666.690063 0.485527 0.343243 0.142284 0.537636 -0.010911 0.548547
1667.801025 0.485528 0.343235 0.142293 0.537706 -0.010753 0.548460
1668.911987 0.485527 0.343241 0.142285 0.537776 -0.010597 0.548373
1670.023071 0.485518 0.343232 0.142286 0.537844 -0.010435 0.548279
1671.134033 0.485517 0.343222 0.142295 0.537933 -0.010256 0.548188
1672.244995 0.485527 0.343222 0.142305 0.537999 -0.010091 0.548090
1673.355957 0.485524 0.343217 0.142307 0.538081 -0.009909 0.547989
1674.467041 0.485532 0.343224 0.142308 0.538154 -0.009732 0.547886
1675.578003 0.485536 0.343228 0.142308 0.538250 -0.009528 0.547779
1676.688965 0.485544 0.343233 0.142311 0.538325 -0.009338 0.547663
1677.800049 0.485555 0.343241 0.142314 0.538407 -0.009144 0.547551
1678.911011 0.485556 0.343248 0.142308 0.538474 -0.008930 0.547404
1680.021973 0.485553 0.343244 0.142309 0.538561 -0.008706 0.547267
1681.133057 0.485566 0.343253 0.142314 0.538645 -0.008470 0.547115
1682.244019 0.485573 0.343252 0.142321 0.538703 -0.008239 0.546942
1683.354980 0.485566 0.343245 0.142321 0.538780 -0.007989 0.546769
1684.466064 0.485570 0.343246 0.142324 0.538862 -0.007725 0.546587
1685.577026 0.485588 0.343260 0.142327 0.538948 -0.007451 0.546399
1686.687988 0.485597 0.343251 0.142346 0.539033 -0.007160 0.546192
1687.798950 0.485618 0.343251 0.142367 0.539109 -0.006881 0.545990
1688.910034 0.485637 0.343252 0.142384 0.539175 -0.006571 0.545746
1690.020996 0.485662 0.343266 0.142396 0.539249 -0.006257 0.545506
1691.131958 0.485684 0.343265 0.142419 0.539306 -0.005930 0.545236
1692.243042 0.485719 0.343285 0.142433 0.539369 -0.005577 0.544946
1693.354004 0.485763 0.343312 0.142452 0.539417 -0.005232 0.544650
1694.464966 0.485800 0.343333 0.142467 0.539488 -0.004840 0.544328
1695.576050 0.485851 0.343363 0.142489 0.539535 -0.004444 0.543979
1696.687012 0.485895 0.343386 0.142509 0.539588 -0.004025 0.543613
1697.797974 0.485947 0.343414 0.142533 0.539648 -0.003603 0.543251
1698.909058 0.486011 0.343444 0.142566 0.539701 -0.003152 0.542853
1700.020020 0.486091 0.343490 0.142601 0.539762 -0.002681 0.542443
1701.130981 0.486169 0.343536 0.142633 0.539818 -0.002187 0.542005
1702.242065 0.486253 0.343586 0.142667 0.539880 -0.001663 0.541543
1703.353027 0.486341 0.343633 0.142708 0.539954 -0.001134 0.541087
1704.463989 0.486424 0.343682 0.142743 0.540039 -0.000564 0.540603
1705.574951 0.486518 0.343732 0.142786 0.540121 0.000049 0.540072
1706.686035 0.486623 0.343792 0.142831 0.540227 0.000697 0.539530
1707.796997 0.486726 0.343860 0.142865 0.540329 0.001398 0.538931
1708.907959 0.486818 0.343919 0.142899 0.540439 0.002150 0.538288
1710.019043 0.486924 0.344000 0.142925 0.540574 0.002972 0.537602
1711.130005 0.487040 0.344080 0.142960 0.540703 0.003827 0.536876
1712.240967 0.487149 0.344160 0.142989 0.540829 0.004769 0.536061
1713.352051 0.487278 0.344245 0.143033 0.540987 0.005815 0.535172
1714.463013 0.487392 0.344324 0.143067 0.541143 0.006908 0.534236
1715.573975 0.487497 0.344391 0.143105 0.541327 0.007918 0.533409
1716.685059 0.487591 0.344444 0.143147 0.541520 0.008738 0.532782
1717.796021 0.487708 0.344525 0.143183 0.541715 0.009344 0.532371
1718.906982 0.487814 0.344600 0.143214 0.541938 0.009765 0.532173
1720.018066 0.487921 0.344681 0.143240 0.542168 0.009959 0.532209
1721.129028 0.488024 0.344754 0.143270 0.542436 0.009913 0.532523
1722.239990 0.488107 0.344824 0.143283 0.542706 0.009598 0.533109
1723.350952 0.488205 0.344896 0.143309 0.542886 0.009008 0.533877
1724.462036 0.488320 0.344990 0.143330 0.542956 0.008233 0.534723
1725.572998 0.488425 0.345088 0.143337 0.542985 0.007407 0.535578
1726.683960 0.488533 0.345188 0.143345 0.543026 0.006556 0.536470
1727.795044 0.488633 0.345278 0.143355 0.543055 0.005626 0.537430
1728.906006 0.488727 0.345377 0.143351 0.543050 0.004633 0.538418
1730.016968 0.488821 0.345462 0.143359 0.543051 0.003580 0.539471
1731.128052 0.488916 0.345568 0.143347 0.543037 0.002454 0.540582
1732.239014 0.489009 0.345658 0.143352 0.543002 0.001243 0.541758
1733.349976 0.489092 0.345734 0.143359 0.542959 -0.000046 0.543005
1734.461060 0.489163 0.345807 0.143357 0.542909 -0.001409 0.544319
1735.572021 0.489221 0.345876 0.143345 0.542828 -0.002900 0.545727
1736.682983 0.489292 0.345972 0.143320 0.542744 -0.004481 0.547225
1737.794067 0.489357 0.346069 0.143288 0.542631 -0.006004 0.548635
1738.905029 0.489447 0.346174 0.143273 0.542493 -0.007351 0.549844
1740.015991 0.489499 0.346234 0.143265 0.542363 -0.008516 0.550879
1741.126953 0.489571 0.346305 0.143266 0.542193 -0.009522 0.551714
1742.238037 0.489628 0.346394 0.143235 0.542016 -0.010322 0.552338
1743.348999 0.489686 0.346472 0.143214 0.541793 -0.010951 0.552744
1744.459961 0.489753 0.346539 0.143214 0.541552 -0.011349 0.552901
1745.571045 0.489801 0.346609 0.143192 0.541400 -0.011499 0.552899
1746.682007 0.489819 0.346648 0.143171 0.541347 -0.011502 0.552849
1747.792969 0.489850 0.346663 0.143186 0.541312 -0.011500 0.552811
1748.904053 0.489888 0.346689 0.143199 0.541261 -0.011502 0.552763
1750.015015 0.489928 0.346723 0.143205 0.541214 -0.011505 0.552719
1751.125977 0.489960 0.346726 0.143234 0.541173 -0.011464 0.552637
1752.237061 0.489998 0.346801 0.143196 0.541139 -0.011460 0.552600
1753.348022 0.490020 0.346851 0.143169 0.541129 -0.011446 0.552575
1754.458984 0.490037 0.346886 0.143151 0.541083 -0.011451 0.552534
1755.570068 0.490068 0.346905 0.143163 0.541051 -0.011408 0.552459
1756.681030 0.490095 0.346937 0.143158 0.541018 -0.011413 0.552431
1757.791992 0.490121 0.346957 0.143163 0.540968 -0.011428 0.552397
1758.902954 0.490148 0.346955 0.143193 0.540963 -0.011395 0.552357
1760.014038 0.490154 0.346920 0.143234 0.540912 -0.011384 0.552296
1761.125000 0.490138 0.346897 0.143241 0.540881 -0.011406 0.552287
1762.235962 0.490123 0.346891 0.143232 0.540850 -0.011428 0.552278
1763.347046 0.490110 0.346897 0.143213 0.540842 -0.011472 0.552314
1764.458008 0.490072 0.346828 0.143244 0.540761 -0.011536 0.552297
1765.568970 0.490063 0.346834 0.143229 0.540733 -0.011513 0.552246
1766.680054 0.490031 0.346852 0.143180 0.540725 -0.011507 0.552232
1767.791016 0.490047 0.346873 0.143174 0.540688 -0.011551 0.552239
1768.901978 0.490032 0.346857 0.143176 0.540677 -0.011599 0.552276
1770.013062 0.489992 0.346887 0.143105 0.540652 -0.011577 0.552229
1771.124023 0.489966 0.346900 0.143066 0.540681 -0.011572 0.552253
1772.234985 0.489949 0.346873 0.143076 0.540679 -0.011600 0.552278
1773.345947 0.489946 0.346821 0.143124 0.540675 -0.011680 0.552354
1774.457031 0.489860 0.346626 0.143234 0.540660 -0.011683 0.552343
1775.567993 0.489834 0.346608 0.143226 0.540600 -0.011711 0.552310
1776.678955 0.489826 0.346544 0.143282 0.540648 -0.011669 0.552317
1777.790039 0.489825 0.346684 0.143140 0.540681 -0.011666 0.552347
1778.901001 0.489795 0.346674 0.143122 0.540708 -0.011597 0.552306
1780.011963 0.489773 0.346616 0.143157 0.540739 -0.011601 0.552340
1781.123047 0.489739 0.346672 0.143067 0.540695 -0.011652 0.552347
1782.234009 0.489711 0.346714 0.142997 0.540705 -0.011666 0.552371
1783.344971 0.489688 0.346805 0.142883 0.540752 -0.011645 0.552397
1784.456055 0.489693 0.346800 0.142893 0.540714 -0.011701 0.552414
1785.567017 0.489659 0.346719 0.142940 0.540694 -0.011712 0.552405
1786.677979 0.489703 0.346822 0.142882 0.540785 -0.011733 0.552519
1787.789063 0.489655 0.346722 0.142933 0.540842 -0.011760 0.552602
1788.900024 0.489642 0.346578 0.143064 0.540862 -0.011838 0.552700
1790.010986 0.489626 0.346548 0.143078 0.540958 -0.011788 0.552746
1791.121948 0.489629 0.346553 0.143077 0.540970 -0.011757 0.552727
1792.233032 0.489650 0.346522 0.143128 0.541002 -0.011791 0.552793
1793.343994 0.489644 0.346492 0.143152 0.540985 -0.011822 0.552807
1794.454956 0.489623 0.346505 0.143117 0.540998 -0.011799 0.552797
1795.566040 0.489587 0.346580 0.143006 0.541026 -0.011754 0.552780
1796.677002 0.489644 0.346759 0.142884 0.541053 -0.011766 0.552819
1797.787964 0.489656 0.346736 0.142921 0.541121 -0.011765 0.552887
1798.899048 0.489631 0.346805 0.142826 0.541080 -0.011839 0.552919
1800.010010 0.489558 0.346552 0.143007 0.541047 -0.011923 0.552969
