239.055023 0.896039 0.873985 0.022053
240.166031 0.896737 0.874865 0.021872
241.277023 0.897648 0.875712 0.021937
242.388031 0.898203 0.876236 0.021967
243.499023 0.898844 0.877029 0.021815
244.610031 0.899935 0.878358 0.021577
245.721024 0.900894 0.879356 0.021538
246.832031 0.902176 0.880955 0.021221
247.943024 0.903414 0.882290 0.021124
249.054031 0.904569 0.883518 0.021052
250.165024 0.906044 0.885590 0.020454
251.276031 0.907937 0.887667 0.020270
252.387024 0.910347 0.890356 0.019991
253.498032 0.912494 0.892960 0.019534
254.609024 0.914819 0.895697 0.019122
255.720032 0.917344 0.898345 0.018999
256.831024 0.920008 0.901209 0.018799
257.942017 0.922723 0.904260 0.018463
259.053040 0.925411 0.907238 0.018173
260.164032 0.928295 0.910805 0.017490
261.275024 0.931113 0.913929 0.017184
262.386017 0.933889 0.917009 0.016881
263.497040 0.935988 0.919383 0.016605
264.608032 0.938147 0.921980 0.016167
265.719025 0.940037 0.924124 0.015913
266.830017 0.941213 0.925670 0.015543
267.941040 0.942361 0.927153 0.015209
269.052032 0.942202 0.927329 0.014874
270.163025 0.942053 0.927385 0.014668
271.274017 0.941861 0.927408 0.014452
272.385040 0.941390 0.927084 0.014306
273.496033 0.940024 0.926026 0.013999
274.607025 0.938025 0.924174 0.013852
275.718018 0.935754 0.922226 0.013528
276.829041 0.933362 0.919995 0.013367
277.940033 0.930181 0.917268 0.012913
279.051025 0.925706 0.913172 0.012534
280.162018 0.920837 0.908545 0.012292
281.273041 0.915235 0.903409 0.011827
282.384033 0.909335 0.897444 0.011891
283.495026 0.902445 0.890754 0.011691
284.606018 0.894741 0.883238 0.011503
285.717041 0.886868 0.875726 0.011142
286.828033 0.878786 0.868259 0.010528
287.939026 0.870900 0.860625 0.010275
289.050018 0.861918 0.851517 0.010401
290.161041 0.852733 0.842600 0.010133
291.272034 0.844599 0.834484 0.010115
292.383026 0.835901 0.826153 0.009748
293.494019 0.826972 0.817771 0.009201
294.605042 0.817866 0.808737 0.009129
295.716034 0.809034 0.800030 0.009004
296.827026 0.800054 0.791573 0.008481
297.938019 0.791360 0.783236 0.008123
299.049042 0.783223 0.775578 0.007645
300.160034 0.774678 0.767193 0.007486
301.271027 0.766966 0.759790 0.007176
302.382019 0.759712 0.752558 0.007154
303.493012 0.752862 0.745440 0.007422
304.604034 0.745640 0.738584 0.007056
305.715027 0.739452 0.732581 0.006871
306.826019 0.733402 0.726937 0.006466
307.937012 0.728699 0.722410 0.006288
309.048035 0.723770 0.717463 0.006306
310.159027 0.718193 0.712439 0.005753
311.270019 0.714056 0.708582 0.005474
312.381012 0.710783 0.705341 0.005442
313.492035 0.707569 0.702278 0.005291
314.603027 0.703960 0.698752 0.005208
315.714020 0.700299 0.694926 0.005373
316.825012 0.697197 0.692172 0.005025
317.936035 0.694701 0.689485 0.005216
319.047028 0.692813 0.687425 0.005388
320.158020 0.690020 0.684734 0.005287
321.269012 0.686886 0.681393 0.005493
322.380035 0.685128 0.679776 0.005352
323.491028 0.683723 0.678805 0.004918
324.602020 0.681330 0.676684 0.004645
325.713013 0.679267 0.674670 0.004597
326.824036 0.677698 0.673307 0.004391
327.935028 0.675885 0.671183 0.004702
329.046020 0.674091 0.669651 0.004440
330.157013 0.671979 0.667342 0.004638
331.268036 0.671136 0.666158 0.004978
332.379028 0.670827 0.665875 0.004952
333.490021 0.669316 0.664586 0.004730
334.601013 0.666806 0.662548 0.004258
335.712036 0.665571 0.661816 0.003755
336.823029 0.665119 0.661262 0.003856
337.934021 0.665407 0.661625 0.003782
339.045013 0.665573 0.661714 0.003858
340.156036 0.665516 0.662009 0.003507
341.267029 0.665311 0.662039 0.003272
342.378021 0.666010 0.662554 0.003456
343.489014 0.666958 0.663387 0.003570
344.600037 0.667412 0.663825 0.003587
345.711029 0.667727 0.663826 0.003901
346.822022 0.669047 0.664962 0.004085
347.933014 0.670416 0.666635 0.003780
349.044037 0.672244 0.668298 0.003946
350.155029 0.674003 0.670279 0.003724
351.266022 0.676363 0.672163 0.004200
352.377014 0.678359 0.674534 0.003824
353.488037 0.679891 0.676290 0.003601
354.599029 0.681431 0.677556 0.003876
355.710022 0.683954 0.680072 0.003882
356.821014 0.686805 0.682691 0.004114
357.932037 0.688143 0.683604 0.004539
359.043030 0.689357 0.684994 0.004363
360.154022 0.689875 0.685627 0.004248
361.265015 0.690220 0.686004 0.004216
362.376038 0.690361 0.686195 0.004166
363.487030 0.690065 0.685815 0.004250
364.598023 0.689516 0.685322 0.004195
365.709015 0.688449 0.684424 0.004025
366.820038 0.687194 0.683255 0.003939
367.931030 0.685387 0.681397 0.003990
369.042023 0.683168 0.679257 0.003910
370.153015 0.680412 0.676595 0.003816
371.264038 0.677147 0.673360 0.003788
372.375030 0.673722 0.670035 0.003687
373.486023 0.669963 0.666407 0.003556
374.597015 0.665924 0.662391 0.003533
375.708008 0.661309 0.657899 0.003409
376.819031 0.656520 0.653164 0.003356
377.930023 0.651679 0.648355 0.003324
379.041016 0.646706 0.643455 0.003252
380.152008 0.641583 0.638411 0.003171
381.263031 0.636422 0.633333 0.003089
382.374023 0.631322 0.628337 0.002985
383.485016 0.626293 0.623408 0.002885
384.596008 0.621116 0.618295 0.002821
385.707031 0.616217 0.613496 0.002721
386.818024 0.611336 0.608686 0.002650
387.929016 0.606678 0.604088 0.002590
389.040008 0.602192 0.599669 0.002523
390.151031 0.597833 0.595330 0.002503
391.262024 0.593652 0.591205 0.002447
392.373016 0.589630 0.587230 0.002401
393.484009 0.585811 0.583452 0.002359
394.595032 0.581992 0.579684 0.002307
395.706024 0.578347 0.576138 0.002210
396.817017 0.574835 0.572634 0.002201
397.928009 0.571494 0.569286 0.002208
399.039032 0.568228 0.566033 0.002195
400.150024 0.565097 0.562944 0.002153
401.261017 0.562018 0.559909 0.002109
402.372009 0.558997 0.556904 0.002093
403.483032 0.556146 0.554080 0.002066
404.594025 0.553365 0.551298 0.002067
405.705017 0.550607 0.548584 0.002023
406.816010 0.547954 0.545943 0.002011
407.927032 0.545349 0.543342 0.002007
409.038025 0.542854 0.540887 0.001967
410.149017 0.540390 0.538451 0.001939
411.260010 0.537929 0.536028 0.001901
412.371033 0.535615 0.533754 0.001861
413.482025 0.533295 0.531458 0.001837
414.593018 0.531186 0.529389 0.001797
415.704010 0.528979 0.527233 0.001746
416.815033 0.526847 0.525136 0.001710
417.926025 0.524768 0.523060 0.001708
419.037018 0.522727 0.521071 0.001656
420.148010 0.520734 0.519096 0.001638
421.259033 0.518798 0.517200 0.001598
422.370026 0.516877 0.515283 0.001594
423.481018 0.514988 0.513367 0.001621
424.592011 0.513143 0.511552 0.001591
425.703033 0.511322 0.509786 0.001536
426.814026 0.509557 0.508032 0.001526
427.925018 0.507823 0.506306 0.001518
429.036011 0.506169 0.504677 0.001492
430.147034 0.504517 0.503048 0.001470
431.258026 0.502926 0.501434 0.001492
432.369019 0.501327 0.499843 0.001484
433.480011 0.499721 0.498221 0.001500
434.591034 0.498127 0.496654 0.001473
435.702026 0.496623 0.495138 0.001485
436.813019 0.495059 0.493574 0.001485
437.924011 0.493626 0.492122 0.001504
439.035034 0.492244 0.490742 0.001501
440.146027 0.490862 0.489378 0.001484
441.257019 0.489478 0.487988 0.001490
442.368012 0.488149 0.486649 0.001500
443.479004 0.486812 0.485317 0.001494
444.590027 0.485508 0.484038 0.001470
445.701019 0.484238 0.482769 0.001468
446.812012 0.483012 0.481568 0.001444
447.923004 0.481748 0.480305 0.001443
449.034027 0.480484 0.479061 0.001422
450.145019 0.479286 0.477856 0.001429
451.256012 0.478066 0.476655 0.001411
452.367004 0.476866 0.475463 0.001403
453.478027 0.475701 0.474308 0.001393
454.589020 0.474537 0.473159 0.001378
455.700012 0.473467 0.472106 0.001361
456.811005 0.472352 0.470976 0.001376
457.922028 0.471244 0.469899 0.001345
459.033020 0.470173 0.468854 0.001319
460.144012 0.469132 0.467797 0.001335
461.255005 0.468102 0.466778 0.001324
462.366028 0.467037 0.465721 0.001316
463.477020 0.466033 0.464717 0.001316
464.588013 0.464992 0.463680 0.001311
465.699005 0.464034 0.462718 0.001316
466.810028 0.463083 0.461759 0.001324
467.921020 0.462153 0.460844 0.001309
469.032013 0.461200 0.459880 0.001321
470.143005 0.460285 0.458981 0.001304
471.254028 0.459374 0.458073 0.001301
472.365021 0.458447 0.457141 0.001306
473.476013 0.457568 0.456255 0.001313
474.587006 0.456758 0.455461 0.001297
475.698029 0.455892 0.454610 0.001283
476.809021 0.455083 0.453792 0.001291
477.920013 0.454172 0.452882 0.001290
479.031006 0.453319 0.452037 0.001282
480.142029 0.452469 0.451188 0.001281
481.253021 0.451630 0.450343 0.001288
482.364014 0.450789 0.449514 0.001276
483.475006 0.449988 0.448698 0.001290
484.586029 0.449220 0.447926 0.001294
485.697022 0.448446 0.447159 0.001287
486.808014 0.447700 0.446425 0.001275
487.919006 0.446907 0.445649 0.001259
489.030029 0.446146 0.444893 0.001254
490.141022 0.445370 0.444116 0.001254
491.252014 0.444602 0.443364 0.001238
492.363007 0.443877 0.442631 0.001246
493.474029 0.443185 0.441935 0.001250
494.585022 0.442500 0.441260 0.001240
495.696014 0.441794 0.440568 0.001226
496.807007 0.441078 0.439838 0.001240
497.918030 0.440389 0.439144 0.001245
499.029022 0.439686 0.438455 0.001231
500.140015 0.439061 0.437827 0.001234
501.251007 0.438423 0.437186 0.001237
502.362030 0.437795 0.436562 0.001233
503.473023 0.437179 0.435949 0.001230
504.584015 0.436533 0.435309 0.001223
505.695007 0.435880 0.434675 0.001205
506.806030 0.435237 0.434029 0.001209
507.917023 0.434629 0.433425 0.001204
509.028015 0.433999 0.432789 0.001210
510.139008 0.433410 0.432191 0.001220
511.250030 0.432769 0.431558 0.001211
512.361023 0.432172 0.430972 0.001200
513.472046 0.431619 0.430418 0.001201
514.583008 0.431023 0.429842 0.001181
515.694031 0.430441 0.429261 0.001180
516.804993 0.429867 0.428697 0.001170
517.916016 0.429328 0.428168 0.001160
519.027039 0.428778 0.427628 0.001150
520.138000 0.428208 0.427056 0.001151
521.249023 0.427674 0.426518 0.001156
522.359985 0.427085 0.425921 0.001164
523.471008 0.426541 0.425390 0.001150
524.582031 0.426040 0.424889 0.001151
525.692993 0.425490 0.424348 0.001142
526.804016 0.424983 0.423836 0.001147
527.915039 0.424486 0.423356 0.001130
529.026001 0.423994 0.422874 0.001120
530.137024 0.423464 0.422350 0.001114
531.247986 0.422947 0.421832 0.001115
532.359009 0.422463 0.421350 0.001113
533.470032 0.421986 0.420869 0.001117
534.580994 0.421543 0.420430 0.001114
535.692017 0.421077 0.419973 0.001104
536.803040 0.420614 0.419502 0.001112
537.914002 0.420131 0.419027 0.001104
539.025024 0.419671 0.418571 0.001100
540.135986 0.419212 0.418100 0.001112
541.247009 0.418712 0.417596 0.001116
542.358032 0.418250 0.417145 0.001105
543.468994 0.417790 0.416686 0.001104
544.580017 0.417412 0.416337 0.001076
545.691040 0.416983 0.415905 0.001078
546.802002 0.416548 0.415478 0.001070
547.913025 0.416126 0.415054 0.001073
549.023987 0.415687 0.414631 0.001056
550.135010 0.415266 0.414202 0.001064
551.246033 0.414842 0.413780 0.001062
552.356995 0.414416 0.413334 0.001081
553.468018 0.414037 0.412965 0.001072
554.579041 0.413638 0.412584 0.001054
555.690002 0.413251 0.412206 0.001045
556.801025 0.412798 0.411746 0.001053
557.911987 0.412381 0.411325 0.001056
559.023010 0.412007 0.410956 0.001051
560.134033 0.411622 0.410570 0.001051
561.244995 0.411207 0.410152 0.001055
562.356018 0.410788 0.409736 0.001051
563.467041 0.410407 0.409368 0.001039
564.578003 0.409992 0.408950 0.001042
565.689026 0.409600 0.408567 0.001033
566.799988 0.409156 0.408116 0.001041
567.911011 0.408697 0.407653 0.001044
569.022034 0.408280 0.407233 0.001047
570.132996 0.407878 0.406834 0.001044
571.244019 0.407498 0.406449 0.001049
572.355041 0.407098 0.406046 0.001052
573.466003 0.406686 0.405630 0.001056
574.577026 0.406285 0.405241 0.001044
575.687988 0.405864 0.404831 0.001034
576.799011 0.405437 0.404381 0.001055
577.910034 0.405008 0.403954 0.001053
579.020996 0.404621 0.403572 0.001049
580.132019 0.404195 0.403134 0.001061
581.243042 0.403784 0.402718 0.001066
582.354004 0.403342 0.402278 0.001063
583.465027 0.402937 0.401884 0.001053
584.575989 0.402546 0.401498 0.001049
585.687012 0.402150 0.401100 0.001049
586.798035 0.401765 0.400719 0.001046
587.908997 0.401366 0.400320 0.001046
589.020019 0.401005 0.399952 0.001053
590.130981 0.400651 0.399610 0.001041
591.242004 0.400262 0.399209 0.001054
592.353027 0.399884 0.398836 0.001048
593.463989 0.399472 0.398429 0.001042
594.575012 0.399098 0.398053 0.001045
595.686035 0.398732 0.397694 0.001038
596.796997 0.398383 0.397352 0.001031
597.908020 0.398032 0.396992 0.001040
599.018982 0.397694 0.396658 0.001036
600.130005 0.397393 0.396355 0.001038
601.241028 0.397071 0.396035 0.001036
602.351990 0.396781 0.395755 0.001026
603.463013 0.396495 0.395476 0.001019
604.574036 0.396237 0.395217 0.001019
605.684998 0.395948 0.394921 0.001028
606.796021 0.395636 0.394607 0.001029
607.906982 0.395334 0.394298 0.001036
609.018005 0.395048 0.394017 0.001031
610.129028 0.394758 0.393723 0.001035
611.239990 0.394483 0.393446 0.001037
612.351013 0.394214 0.393173 0.001041
613.462036 0.393928 0.392893 0.001035
614.572998 0.393655 0.392617 0.001038
615.684021 0.393413 0.392369 0.001043
616.794983 0.393128 0.392092 0.001036
617.906006 0.392885 0.391846 0.001039
619.017029 0.392634 0.391591 0.001043
620.127991 0.392381 0.391343 0.001038
621.239014 0.392118 0.391084 0.001034
622.350037 0.391828 0.390794 0.001034
623.460998 0.391556 0.390523 0.001032
624.572022 0.391261 0.390230 0.001031
625.682983 0.390961 0.389924 0.001036
626.794006 0.390673 0.389638 0.001035
627.905029 0.390390 0.389366 0.001023
629.015991 0.390117 0.389097 0.001020
630.127014 0.389866 0.388848 0.001018
631.238037 0.389612 0.388597 0.001016
632.348999 0.389330 0.388316 0.001014
633.460022 0.389018 0.388021 0.000997
634.570984 0.388717 0.387717 0.001000
635.682007 0.388430 0.387438 0.000993
636.793030 0.388133 0.387142 0.000991
637.903992 0.387865 0.386874 0.000991
639.015015 0.387614 0.386626 0.000988
640.126038 0.387313 0.386319 0.000993
641.237000 0.387026 0.386037 0.000989
642.348022 0.386729 0.385742 0.000987
643.458984 0.386465 0.385480 0.000985
644.570007 0.386202 0.385211 0.000990
645.681030 0.385897 0.384913 0.000985
646.791992 0.385649 0.384660 0.000989
647.903015 0.385374 0.384385 0.000989
649.014038 0.385082 0.384090 0.000991
650.125000 0.384783 0.383789 0.000994
651.236023 0.384528 0.383531 0.000997
652.346985 0.384246 0.383251 0.000996
653.458008 0.383987 0.382982 0.001005
654.569031 0.383724 0.382722 0.001001
655.679993 0.383460 0.382447 0.001013
656.791016 0.383198 0.382189 0.001009
657.901978 0.382968 0.381958 0.001010
659.013000 0.382729 0.381719 0.001010
660.124023 0.382456 0.381443 0.001014
661.234985 0.382162 0.381148 0.001014
662.346008 0.381922 0.380921 0.001002
663.457031 0.381666 0.380666 0.001000
664.567993 0.381405 0.380404 0.001001
665.679016 0.381139 0.380136 0.001004
666.789978 0.380895 0.379895 0.001000
667.901001 0.380652 0.379640 0.001012
669.012024 0.380378 0.379374 0.001004
670.122986 0.380118 0.379117 0.001000
671.234009 0.379901 0.378902 0.000999
672.345032 0.379691 0.378694 0.000997
673.455994 0.379453 0.378460 0.000993
674.567017 0.379224 0.378233 0.000990
675.677978 0.378961 0.377981 0.000980
676.789002 0.378729 0.377750 0.000979
677.900024 0.378509 0.377538 0.000971
679.010986 0.378261 0.377292 0.000968
680.122009 0.378037 0.377070 0.000967
681.233032 0.377801 0.376829 0.000971
682.343994 0.377579 0.376619 0.000960
683.455017 0.377364 0.376397 0.000967
684.565979 0.377144 0.376184 0.000960
685.677002 0.376947 0.375987 0.000960
686.788025 0.376742 0.375783 0.000959
687.898987 0.376518 0.375558 0.000959
689.010010 0.376310 0.375358 0.000952
690.121033 0.376094 0.375151 0.000943
691.231995 0.375929 0.374991 0.000938
692.343018 0.375718 0.374780 0.000938
693.453979 0.375508 0.374575 0.000933
694.565002 0.375279 0.374348 0.000931
695.676025 0.375099 0.374173 0.000927
696.786987 0.374880 0.373953 0.000927
697.898010 0.374674 0.373750 0.000925
699.009033 0.374459 0.373524 0.000935
700.119995 0.374240 0.373297 0.000943
701.231018 0.374058 0.373121 0.000937
702.341980 0.373863 0.372937 0.000926
703.453003 0.373685 0.372753 0.000933
704.564026 0.373484 0.372531 0.000953
705.674988 0.373319 0.372381 0.000938
706.786011 0.373089 0.372137 0.000952
707.897034 0.372902 0.371960 0.000942
709.007996 0.372733 0.371791 0.000943
710.119019 0.372518 0.371582 0.000936
711.229981 0.372312 0.371366 0.000945
712.341003 0.372200 0.371255 0.000945
713.452026 0.372019 0.371074 0.000945
714.562988 0.371848 0.370914 0.000933
715.674011 0.371663 0.370718 0.000946
716.785034 0.371483 0.370528 0.000955
717.895996 0.371250 0.370292 0.000958
719.007019 0.371029 0.370077 0.000953
720.117981 0.370845 0.369885 0.000959
721.229004 0.370669 0.369739 0.000931
722.340027 0.370499 0.369567 0.000931
723.450989 0.370371 0.369425 0.000947
724.562012 0.370186 0.369239 0.000947
725.673035 0.370003 0.369053 0.000949
726.783997 0.369884 0.368956 0.000928
727.895019 0.369674 0.368725 0.000948
729.005981 0.369547 0.368601 0.000945
730.117004 0.369405 0.368434 0.000971
731.228027 0.369192 0.368249 0.000943
732.338989 0.369086 0.368149 0.000937
733.450012 0.368932 0.367982 0.000950
734.560974 0.368729 0.367783 0.000945
735.671997 0.368569 0.367627 0.000942
736.783020 0.368401 0.367436 0.000966
737.893982 0.368224 0.367265 0.000959
739.005005 0.368029 0.367074 0.000955
740.116028 0.367904 0.366959 0.000944
741.226990 0.367817 0.366888 0.000929
742.338013 0.367648 0.366710 0.000937
743.448975 0.367458 0.366524 0.000934
744.559998 0.367290 0.366361 0.000929
745.671021 0.367093 0.366166 0.000927
746.781982 0.366960 0.366025 0.000935
747.893005 0.366839 0.365921 0.000918
749.004028 0.366665 0.365724 0.000940
750.114990 0.366557 0.365639 0.000918
751.226013 0.366398 0.365497 0.000901
752.336975 0.366111 0.365200 0.000911
753.447998 0.366002 0.365072 0.000930
754.559021 0.365833 0.364913 0.000920
755.669983 0.365701 0.364787 0.000914
756.781006 0.365519 0.364604 0.000915
757.892029 0.365373 0.364482 0.000891
759.002991 0.365217 0.364327 0.000890
760.114014 0.365117 0.364220 0.000897
761.224976 0.365017 0.364153 0.000864
762.335998 0.364928 0.364061 0.000867
763.447022 0.364802 0.363922 0.000879
764.557983 0.364637 0.363806 0.000831
765.669006 0.364470 0.363579 0.000891
766.780029 0.364326 0.363418 0.000908
767.890991 0.364141 0.363263 0.000878
769.002014 0.363943 0.363030 0.000913
770.112976 0.363690 0.362743 0.000947
771.223999 0.363524 0.362636 0.000889
772.335022 0.363443 0.362556 0.000887
773.445984 0.363292 0.362383 0.000908
774.557007 0.363248 0.362359 0.000889
775.668030 0.363107 0.362215 0.000892
776.778992 0.362971 0.362058 0.000913
777.890015 0.362742 0.361860 0.000882
779.000977 0.362628 0.361743 0.000885
780.112000 0.362500 0.361545 0.000955
781.223022 0.362383 0.361433 0.000949
782.333984 0.362255 0.361292 0.000963
783.445007 0.362134 0.361170 0.000964
784.556030 0.362010 0.361046 0.000964
785.666992 0.361852 0.360864 0.000988
786.778015 0.361769 0.360766 0.001003
787.888977 0.361868 0.360940 0.000928
789.000000 0.361933 0.361033 0.000900
790.111023 0.362041 0.361127 0.000914
791.221985 0.362072 0.361214 0.000858
792.333008 0.362206 0.361401 0.000805
793.444031 0.362243 0.361423 0.000820
794.554993 0.362245 0.361407 0.000838
795.666016 0.362318 0.361475 0.000844
796.776978 0.362364 0.361548 0.000816
797.888000 0.362431 0.361614 0.000817
798.999084 0.362474 0.361663 0.000811
800.110046 0.362590 0.361763 0.000827
801.221069 0.362618 0.361794 0.000824
802.332031 0.362671 0.361874 0.000797
803.443054 0.362719 0.361933 0.000787
804.554077 0.362783 0.362051 0.000733
805.665039 0.362828 0.362054 0.000774
806.776062 0.362795 0.362015 0.000781
807.887085 0.362856 0.362115 0.000742
808.998047 0.362929 0.362166 0.000763
810.109070 0.362847 0.362059 0.000788
811.220032 0.362748 0.361951 0.000798
812.331055 0.362594 0.361791 0.000803
813.442078 0.362555 0.361741 0.000813
814.553040 0.362442 0.361624 0.000818
815.664063 0.362357 0.361502 0.000855
816.775085 0.362241 0.361380 0.000861
817.886047 0.362131 0.361299 0.000832
818.997070 0.362025 0.361201 0.000824
820.108032 0.361903 0.361094 0.000809
821.219055 0.361798 0.361007 0.000790
822.330078 0.361745 0.360954 0.000791
823.441040 0.361674 0.360871 0.000803
824.552063 0.361492 0.360700 0.000792
825.663086 0.361383 0.360589 0.000794
826.774048 0.361258 0.360449 0.000809
827.885071 0.361162 0.360351 0.000811
828.996033 0.361063 0.360269 0.000794
830.107056 0.360944 0.360128 0.000816
831.218079 0.360824 0.359991 0.000833
832.329041 0.360708 0.359859 0.000849
833.440063 0.360618 0.359764 0.000854
834.551025 0.360537 0.359687 0.000850
835.662048 0.360387 0.359551 0.000836
836.773071 0.360268 0.359439 0.000829
837.884033 0.360132 0.359315 0.000817
838.995056 0.359970 0.359160 0.000810
840.106079 0.359881 0.359111 0.000770
841.217041 0.359839 0.359056 0.000783
842.328064 0.359649 0.358835 0.000815
843.439026 0.359511 0.358740 0.000772
844.550049 0.359385 0.358541 0.000844
845.661072 0.359210 0.358386 0.000825
846.772034 0.359200 0.358407 0.000793
847.883057 0.359161 0.358334 0.000827
848.994080 0.358947 0.358099 0.000848
850.105041 0.358758 0.357976 0.000782
851.216065 0.358681 0.357911 0.000770
852.327026 0.358544 0.357753 0.000791
853.438049 0.358498 0.357834 0.000664
854.549072 0.358488 0.357844 0.000644
855.660034 0.358539 0.357895 0.000644
856.771057 0.358401 0.357781 0.000619
857.882080 0.358034 0.357401 0.000633
858.993042 0.357654 0.356996 0.000658
860.104065 0.357286 0.356632 0.000654
861.215027 0.356934 0.356291 0.000643
862.326050 0.356510 0.355816 0.000694
863.437073 0.356045 0.355332 0.000713
864.548035 0.355732 0.355039 0.000693
865.659058 0.355389 0.354630 0.000759
866.770081 0.354970 0.354287 0.000682
867.881043 0.354631 0.353941 0.000691
923.431030 0.354190 0.353466 0.000724
924.542053 0.353737 0.353051 0.000686
925.653076 0.353433 0.352753 0.000680
926.764038 0.353119 0.352394 0.000724
927.875061 0.352710 0.351957 0.000754
928.986023 0.352361 0.351623 0.000738
930.097046 0.351936 0.351090 0.000846
931.208069 0.351458 0.350603 0.000856
932.319031 0.350899 0.350060 0.000839
933.430054 0.350572 0.349696 0.000876
934.541077 0.350477 0.349593 0.000885
935.652039 0.350386 0.349513 0.000872
936.763062 0.350296 0.349422 0.000874
937.874023 0.350212 0.349330 0.000882
938.985046 0.350123 0.349240 0.000882
940.096069 0.350041 0.349163 0.000878
941.207031 0.349961 0.349085 0.000876
942.318054 0.349871 0.349012 0.000859
943.429077 0.349793 0.348924 0.000869
944.540039 0.349718 0.348854 0.000864
945.651062 0.349631 0.348779 0.000852
946.762024 0.349555 0.348700 0.000855
947.873047 0.349476 0.348623 0.000853
948.984070 0.349404 0.348549 0.000855
950.095032 0.349327 0.348474 0.000852
951.206055 0.349248 0.348399 0.000850
952.317078 0.349161 0.348313 0.000848
953.428040 0.349079 0.348224 0.000855
954.539063 0.348992 0.348128 0.000863
955.650024 0.348905 0.348047 0.000858
956.761047 0.348822 0.347963 0.000859
957.872070 0.348746 0.347878 0.000868
958.983032 0.348661 0.347786 0.000875
960.094055 0.348578 0.347704 0.000875
961.205078 0.348503 0.347626 0.000877
962.316040 0.348422 0.347545 0.000877
963.427063 0.348343 0.347461 0.000882
964.538025 0.348265 0.347373 0.000891
965.649048 0.348181 0.347294 0.000887
966.760071 0.348108 0.347216 0.000892
967.871033 0.348033 0.347130 0.000903
968.982056 0.347961 0.347061 0.000900
970.093079 0.347896 0.346996 0.000899
971.204041 0.347822 0.346922 0.000900
972.315063 0.347741 0.346837 0.000904
973.426025 0.347665 0.346757 0.000908
974.537048 0.347583 0.346669 0.000913
975.648071 0.347509 0.346599 0.000910
976.759033 0.347453 0.346538 0.000915
977.870056 0.347388 0.346480 0.000909
978.981018 0.347325 0.346412 0.000914
980.092041 0.347251 0.346334 0.000917
981.203064 0.347188 0.346274 0.000914
982.314026 0.347127 0.346207 0.000920
983.425049 0.347053 0.346133 0.000921
984.536072 0.346992 0.346062 0.000930
985.647034 0.346921 0.345989 0.000932
986.758057 0.346862 0.345919 0.000942
987.869019 0.346804 0.345848 0.000956
988.980041 0.346737 0.345769 0.000968
990.091065 0.346705 0.345735 0.000970
991.202026 0.346673 0.345694 0.000980
992.313049 0.346636 0.345652 0.000984
993.424072 0.346600 0.345608 0.000992
994.535034 0.346578 0.345581 0.000997
995.646057 0.346546 0.345549 0.000997
996.757019 0.346528 0.345531 0.000997
997.868042 0.346503 0.345498 0.001005
998.979065 0.346461 0.345458 0.001004
1000.090027 0.346422 0.345394 0.001028
