239.055023 0.764564 0.282261 0.482303 0.037371 -0.068727 0.106098
240.166031 0.765734 0.284717 0.481016 0.037657 -0.068612 0.106270
241.277023 0.767025 0.286692 0.480333 0.037529 -0.068798 0.106327
242.388031 0.768846 0.289002 0.479845 0.037515 -0.068847 0.106361
243.499023 0.771061 0.292211 0.478850 0.037469 -0.069067 0.106536
244.610031 0.772705 0.294718 0.477987 0.037500 -0.069117 0.106617
245.721024 0.774533 0.297457 0.477076 0.037408 -0.069148 0.106555
246.832031 0.776503 0.300154 0.476348 0.037353 -0.069272 0.106625
247.943024 0.778456 0.302997 0.475459 0.037340 -0.069301 0.106642
249.054031 0.780580 0.305773 0.474808 0.037317 -0.069245 0.106562
250.165024 0.782723 0.308455 0.474267 0.037328 -0.069360 0.106689
251.276031 0.785634 0.313099 0.472536 0.037181 -0.069588 0.106769
252.387024 0.789371 0.318468 0.470903 0.037205 -0.069636 0.106841
253.498032 0.793586 0.324112 0.469474 0.037209 -0.069776 0.106986
254.609024 0.797558 0.329698 0.467859 0.037265 -0.069824 0.107089
255.720032 0.801328 0.334647 0.466681 0.037329 -0.069969 0.107298
256.831024 0.805262 0.339711 0.465551 0.037220 -0.070173 0.107393
257.942017 0.809647 0.345112 0.464535 0.037260 -0.070196 0.107457
259.053040 0.814312 0.351321 0.462991 0.037392 -0.070229 0.107622
260.164032 0.818318 0.356669 0.461649 0.037316 -0.070335 0.107651
261.275024 0.822502 0.362564 0.459939 0.037339 -0.070486 0.107824
262.386017 0.826504 0.367804 0.458700 0.037208 -0.070686 0.107895
263.497040 0.830626 0.373605 0.457020 0.037386 -0.070597 0.107983
264.608032 0.834255 0.378921 0.455334 0.037406 -0.070600 0.108006
265.719025 0.837041 0.383178 0.453863 0.037456 -0.070572 0.108028
266.830017 0.839721 0.387802 0.451919 0.037473 -0.070689 0.108162
267.941040 0.842345 0.392492 0.449853 0.037654 -0.070611 0.108264
269.052032 0.844802 0.397416 0.447387 0.037704 -0.070483 0.108187
270.163025 0.845873 0.401064 0.444809 0.037734 -0.070657 0.108391
271.274017 0.846670 0.404783 0.441887 0.037889 -0.070804 0.108693
272.385040 0.847271 0.408367 0.438904 0.037896 -0.070717 0.108613
273.496033 0.848031 0.412407 0.435624 0.037947 -0.070543 0.108490
274.607025 0.847851 0.415714 0.432138 0.037880 -0.070639 0.108519
275.718018 0.846692 0.418240 0.428452 0.037859 -0.070743 0.108602
276.829041 0.845114 0.420322 0.424792 0.037911 -0.070744 0.108655
277.940033 0.843745 0.423162 0.420582 0.037892 -0.070749 0.108641
279.051025 0.841689 0.425771 0.415918 0.037889 -0.070727 0.108616
280.162018 0.838258 0.427337 0.410921 0.037860 -0.070821 0.108681
281.273041 0.833688 0.427821 0.405867 0.037835 -0.070899 0.108734
282.384033 0.829069 0.428999 0.400070 0.037822 -0.070897 0.108719
283.495026 0.824080 0.429379 0.394702 0.037820 -0.070693 0.108513
284.606018 0.818136 0.429527 0.388609 0.037840 -0.070572 0.108412
285.717041 0.811025 0.428640 0.382385 0.037865 -0.070641 0.108506
286.828033 0.803764 0.427577 0.376187 0.037752 -0.070835 0.108587
287.939026 0.796520 0.427179 0.369341 0.037659 -0.070810 0.108469
289.050018 0.789254 0.426272 0.362982 0.037587 -0.070802 0.108389
290.161041 0.780900 0.424142 0.356758 0.037573 -0.070888 0.108462
291.272034 0.771957 0.421353 0.350604 0.037604 -0.071020 0.108625
292.383026 0.764133 0.420000 0.344132 0.037387 -0.071110 0.108497
293.494019 0.756071 0.418204 0.337868 0.037245 -0.071118 0.108363
294.605042 0.747996 0.416638 0.331358 0.037296 -0.071051 0.108347
295.716034 0.738843 0.413362 0.325481 0.037324 -0.071315 0.108639
296.827026 0.729866 0.410268 0.319598 0.037173 -0.071347 0.108519
297.938019 0.721552 0.407996 0.313556 0.037020 -0.071308 0.108328
299.049042 0.713293 0.405878 0.307415 0.036920 -0.071341 0.108262
300.160034 0.705430 0.403910 0.301519 0.036828 -0.071474 0.108303
301.271027 0.697156 0.401466 0.295691 0.036635 -0.071711 0.108345
302.382019 0.689274 0.398693 0.290581 0.036578 -0.071652 0.108230
303.493012 0.682547 0.397495 0.285052 0.036445 -0.071523 0.107968
304.604034 0.675960 0.395562 0.280399 0.036381 -0.071625 0.108005
305.715027 0.669415 0.393516 0.275899 0.036394 -0.072005 0.108398
306.826019 0.663308 0.391630 0.271678 0.036270 -0.072088 0.108358
307.937012 0.657661 0.390152 0.267509 0.036137 -0.072198 0.108336
309.048035 0.653388 0.389979 0.263409 0.036144 -0.072202 0.108346
310.159027 0.648898 0.389257 0.259640 0.036102 -0.072220 0.108323
311.270019 0.644221 0.388478 0.255744 0.036114 -0.072239 0.108353
312.381012 0.640456 0.388281 0.252175 0.036076 -0.072256 0.108332
313.492035 0.637217 0.388717 0.248500 0.036003 -0.072320 0.108323
314.603027 0.634448 0.389165 0.245283 0.036069 -0.072188 0.108258
315.714020 0.631451 0.389056 0.242395 0.035989 -0.072201 0.108190
316.825012 0.627847 0.388398 0.239449 0.035926 -0.072329 0.108255
317.936035 0.624832 0.388755 0.236077 0.035878 -0.072268 0.108146
319.047028 0.622808 0.389569 0.233240 0.036007 -0.072145 0.108151
320.158020 0.621072 0.390568 0.230504 0.035934 -0.072203 0.108137
321.269012 0.618624 0.390907 0.227716 0.036021 -0.072322 0.108342
322.380035 0.615264 0.390025 0.225239 0.036156 -0.072347 0.108503
323.491028 0.613527 0.390307 0.223219 0.036350 -0.072324 0.108674
324.602020 0.612372 0.392019 0.220353 0.036326 -0.072466 0.108792
325.713013 0.610425 0.392204 0.218221 0.036572 -0.072518 0.109090
326.824036 0.608583 0.392632 0.215950 0.036620 -0.072502 0.109122
327.935028 0.606689 0.393193 0.213496 0.036461 -0.072519 0.108980
329.046020 0.605968 0.394327 0.211641 0.036518 -0.072510 0.109028
330.157013 0.605020 0.395088 0.209932 0.036521 -0.072799 0.109320
331.268036 0.602604 0.394508 0.208096 0.036615 -0.072777 0.109392
332.379028 0.601633 0.395298 0.206334 0.036883 -0.072622 0.109505
333.490021 0.601569 0.396893 0.204677 0.036769 -0.072506 0.109275
334.601013 0.600408 0.397865 0.202543 0.036577 -0.072911 0.109488
335.712036 0.598493 0.397946 0.200547 0.036627 -0.073250 0.109876
336.823029 0.596534 0.397760 0.198774 0.036739 -0.073320 0.110059
337.934021 0.596423 0.399162 0.197262 0.036717 -0.073403 0.110120
339.045013 0.596852 0.400903 0.195949 0.036334 -0.072614 0.108949
340.156036 0.597595 0.402707 0.194888 0.036031 -0.071854 0.107884
341.267029 0.597684 0.404118 0.193566 0.035797 -0.071049 0.106846
342.378021 0.597602 0.405364 0.192238 0.035632 -0.070160 0.105793
343.489014 0.598435 0.407058 0.191376 0.035212 -0.069305 0.104518
344.600037 0.600102 0.409846 0.190255 0.034808 -0.068344 0.103152
345.711029 0.600999 0.411927 0.189072 0.034554 -0.067276 0.101830
346.822022 0.601738 0.413337 0.188401 0.034268 -0.066339 0.100607
347.933014 0.603071 0.415340 0.187731 0.033740 -0.065535 0.099274
349.044037 0.604476 0.417683 0.186793 0.033436 -0.064589 0.098025
350.155029 0.606403 0.420376 0.186027 0.033202 -0.063588 0.096790
351.266022 0.607774 0.422716 0.185058 0.032894 -0.062762 0.095657
352.377014 0.609997 0.425810 0.184187 0.032544 -0.061546 0.094090
353.488037 0.612595 0.429425 0.183170 0.032156 -0.060658 0.092814
354.599029 0.614419 0.431812 0.182607 0.031637 -0.059980 0.091617
355.710022 0.615832 0.433788 0.182044 0.031413 -0.059189 0.090602
356.821014 0.618233 0.436663 0.181570 0.031166 -0.057997 0.089164
357.932037 0.621424 0.440176 0.181248 0.030749 -0.056744 0.087494
359.043030 0.624053 0.443213 0.180839 0.030412 -0.055739 0.086152
360.154022 0.625243 0.445547 0.179696 0.030205 -0.054720 0.084925
361.265015 0.626251 0.447652 0.178599 0.030202 -0.054712 0.084914
362.376038 0.627113 0.449523 0.177590 0.030199 -0.054629 0.084827
363.487030 0.627826 0.451405 0.176420 0.030130 -0.054653 0.084784
364.598023 0.628044 0.452717 0.175327 0.030143 -0.054603 0.084746
365.709015 0.628180 0.454102 0.174078 0.030147 -0.054524 0.084670
366.820038 0.627747 0.454963 0.172784 0.030161 -0.054487 0.084648
367.931030 0.626918 0.455603 0.171316 0.030140 -0.054488 0.084628
369.042023 0.625681 0.455918 0.169763 0.030142 -0.054487 0.084629
370.153015 0.624059 0.455954 0.168105 0.030167 -0.054432 0.084599
371.264038 0.622090 0.455604 0.166486 0.030161 -0.054429 0.084590
372.375030 0.619645 0.454931 0.164714 0.030145 -0.054355 0.084500
373.486023 0.616861 0.454064 0.162797 0.030115 -0.054386 0.084500
374.597015 0.613572 0.452801 0.160771 0.030084 -0.054405 0.084490
375.708008 0.609925 0.451149 0.158776 0.030105 -0.054377 0.084482
376.819031 0.605968 0.449320 0.156648 0.030116 -0.054390 0.084506
377.930023 0.601754 0.447342 0.154412 0.030116 -0.054422 0.084538
379.041016 0.597368 0.445103 0.152265 0.030129 -0.054460 0.084589
380.152008 0.592720 0.442630 0.150090 0.030163 -0.054501 0.084664
381.263031 0.588067 0.440192 0.147875 0.030145 -0.054568 0.084713
382.374023 0.583163 0.437405 0.145757 0.030112 -0.054664 0.084776
383.485016 0.578328 0.434687 0.143641 0.030125 -0.054662 0.084787
384.596008 0.573522 0.432083 0.141439 0.030111 -0.054748 0.084859
385.707031 0.568637 0.429295 0.139343 0.030102 -0.054781 0.084883
386.818024 0.563911 0.426668 0.137243 0.030070 -0.054830 0.084900
387.929016 0.559195 0.424001 0.135194 0.030091 -0.054853 0.084944
389.040008 0.554653 0.421511 0.133142 0.030071 -0.054885 0.084955
390.151031 0.550305 0.419086 0.131219 0.030064 -0.054927 0.084991
391.262024 0.546143 0.416773 0.129370 0.030045 -0.054980 0.085024
392.373016 0.542008 0.414450 0.127558 0.030074 -0.055016 0.085090
393.484009 0.538079 0.412300 0.125779 0.030081 -0.055044 0.085125
394.595032 0.534290 0.410242 0.124048 0.030069 -0.055096 0.085165
395.706024 0.530611 0.408257 0.122354 0.030061 -0.055146 0.085207
396.817017 0.527032 0.406305 0.120726 0.030072 -0.055192 0.085264
397.928009 0.523645 0.404436 0.119209 0.030070 -0.055259 0.085329
399.039032 0.520367 0.402676 0.117691 0.030028 -0.055305 0.085333
400.150024 0.517230 0.400995 0.116236 0.030001 -0.055367 0.085367
401.261017 0.514177 0.399416 0.114761 0.029998 -0.055394 0.085392
402.372009 0.511249 0.397899 0.113350 0.029988 -0.055442 0.085430
403.483032 0.508361 0.396348 0.112013 0.029980 -0.055501 0.085481
404.594025 0.505592 0.394892 0.110699 0.029949 -0.055553 0.085502
405.705017 0.502936 0.393586 0.109351 0.029934 -0.055611 0.085545
406.816010 0.500275 0.392229 0.108046 0.029922 -0.055600 0.085522
407.927032 0.497772 0.391000 0.106771 0.029893 -0.055655 0.085547
409.038025 0.495277 0.389704 0.105573 0.029849 -0.055732 0.085580
410.149017 0.492869 0.388495 0.104374 0.029810 -0.055783 0.085593
411.260010 0.490571 0.387299 0.103273 0.029798 -0.055815 0.085613
412.371033 0.488236 0.386129 0.102107 0.029778 -0.055818 0.085596
413.482025 0.485975 0.384985 0.100990 0.029723 -0.055844 0.085567
414.593018 0.483834 0.383913 0.099922 0.029670 -0.055875 0.085545
415.704010 0.481777 0.382943 0.098833 0.029620 -0.055900 0.085521
416.815033 0.479685 0.381895 0.097790 0.029579 -0.055946 0.085525
417.926025 0.477631 0.380887 0.096744 0.029519 -0.055955 0.085474
419.037018 0.475722 0.379998 0.095725 0.029452 -0.055975 0.085427
420.148010 0.473782 0.379107 0.094674 0.029390 -0.055977 0.085367
421.259033 0.471888 0.378179 0.093709 0.029353 -0.055967 0.085320
422.370026 0.469998 0.377278 0.092721 0.029300 -0.055943 0.085243
423.481018 0.468187 0.376371 0.091816 0.029215 -0.055957 0.085171
424.592011 0.466317 0.375412 0.090906 0.029144 -0.055933 0.085078
425.703033 0.464575 0.374580 0.089996 0.029084 -0.055897 0.084981
426.814026 0.462876 0.373810 0.089066 0.029031 -0.055866 0.084897
427.925018 0.461186 0.372973 0.088213 0.028967 -0.055829 0.084796
429.036011 0.459566 0.372228 0.087337 0.028904 -0.055822 0.084726
430.147034 0.457992 0.371476 0.086516 0.028844 -0.055792 0.084636
431.258026 0.456497 0.370823 0.085674 0.028788 -0.055769 0.084557
432.369019 0.454999 0.370138 0.084861 0.028722 -0.055741 0.084464
433.480011 0.453443 0.369411 0.084032 0.028651 -0.055717 0.084368
434.591034 0.451954 0.368685 0.083269 0.028591 -0.055707 0.084297
435.702026 0.450471 0.367992 0.082479 0.028543 -0.055665 0.084208
436.813019 0.449052 0.367327 0.081725 0.028482 -0.055648 0.084130
437.924011 0.447611 0.366609 0.081002 0.028429 -0.055618 0.084047
439.035034 0.446270 0.366001 0.080269 0.028375 -0.055596 0.083971
440.146027 0.444991 0.365439 0.079552 0.028333 -0.055562 0.083895
441.257019 0.443665 0.364810 0.078855 0.028294 -0.055528 0.083822
442.368012 0.442393 0.364257 0.078137 0.028240 -0.055488 0.083729
443.479004 0.441136 0.363710 0.077426 0.028196 -0.055464 0.083660
444.590027 0.439919 0.363160 0.076759 0.028164 -0.055446 0.083610
445.701019 0.438711 0.362638 0.076073 0.028146 -0.055391 0.083537
446.812012 0.437584 0.362162 0.075422 0.028119 -0.055361 0.083481
447.923004 0.436428 0.361667 0.074761 0.028090 -0.055330 0.083419
449.034027 0.435264 0.361165 0.074100 0.028064 -0.055313 0.083377
450.145019 0.434105 0.360641 0.073464 0.028040 -0.055282 0.083322
451.256012 0.433006 0.360139 0.072868 0.028015 -0.055256 0.083271
452.367004 0.431902 0.359642 0.072260 0.027984 -0.055245 0.083229
453.478027 0.430784 0.359139 0.071645 0.027963 -0.055221 0.083183
454.589020 0.429689 0.358650 0.071039 0.027944 -0.055191 0.083135
455.700012 0.428626 0.358168 0.070458 0.027941 -0.055157 0.083098
456.811005 0.427639 0.357758 0.069881 0.027918 -0.055127 0.083045
457.922028 0.426636 0.357324 0.069312 0.027896 -0.055100 0.082996
459.033020 0.425632 0.356923 0.068709 0.027891 -0.055054 0.082945
460.144012 0.424671 0.356531 0.068140 0.027879 -0.055034 0.082913
461.255005 0.423665 0.356080 0.067585 0.027866 -0.054998 0.082864
462.366028 0.422710 0.355685 0.067025 0.027845 -0.054992 0.082837
463.477020 0.421771 0.355296 0.066475 0.027828 -0.054977 0.082805
464.588013 0.420812 0.354870 0.065941 0.027823 -0.054957 0.082780
465.699005 0.419884 0.354476 0.065408 0.027805 -0.054963 0.082768
466.810028 0.419028 0.354148 0.064880 0.027776 -0.054940 0.082716
467.921020 0.418159 0.353806 0.064353 0.027763 -0.054941 0.082704
469.032013 0.417240 0.353401 0.063839 0.027747 -0.054929 0.082676
470.143005 0.416383 0.353060 0.063323 0.027732 -0.054939 0.082670
471.254028 0.415539 0.352715 0.062824 0.027708 -0.054942 0.082650
472.365021 0.414710 0.352393 0.062317 0.027688 -0.054941 0.082629
473.476013 0.413855 0.352034 0.061820 0.027675 -0.054937 0.082613
474.587006 0.413044 0.351691 0.061353 0.027664 -0.054927 0.082592
475.698029 0.412217 0.351342 0.060876 0.027650 -0.054902 0.082551
476.809021 0.411387 0.350998 0.060388 0.027644 -0.054896 0.082541
477.920013 0.410603 0.350676 0.059927 0.027622 -0.054902 0.082524
479.031006 0.409794 0.350314 0.059479 0.027608 -0.054900 0.082508
480.142029 0.409020 0.349988 0.059032 0.027589 -0.054929 0.082518
481.253021 0.408239 0.349651 0.058588 0.027567 -0.054956 0.082523
482.364014 0.407438 0.349304 0.058133 0.027550 -0.054971 0.082521
483.475006 0.406704 0.349008 0.057696 0.027543 -0.054966 0.082510
484.586029 0.405926 0.348654 0.057272 0.027529 -0.054967 0.082496
485.697022 0.405200 0.348334 0.056866 0.027515 -0.054981 0.082496
486.808014 0.404522 0.348065 0.056456 0.027496 -0.055005 0.082501
487.919006 0.403823 0.347789 0.056034 0.027488 -0.054996 0.082484
489.030029 0.403070 0.347455 0.055615 0.027471 -0.055023 0.082494
490.141022 0.402365 0.347151 0.055214 0.027460 -0.055027 0.082488
491.252014 0.401662 0.346857 0.054805 0.027458 -0.055024 0.082482
492.363007 0.400978 0.346571 0.054408 0.027442 -0.055012 0.082454
493.474029 0.400325 0.346307 0.054018 0.027430 -0.055007 0.082437
494.585022 0.399646 0.346031 0.053614 0.027418 -0.055007 0.082425
495.696014 0.398997 0.345784 0.053212 0.027404 -0.054997 0.082401
496.807007 0.398327 0.345511 0.052816 0.027391 -0.055001 0.082392
497.918030 0.397703 0.345257 0.052446 0.027377 -0.055017 0.082394
499.029022 0.397107 0.345038 0.052069 0.027356 -0.055025 0.082381
500.140015 0.396502 0.344801 0.051702 0.027346 -0.055025 0.082371
501.251007 0.395879 0.344559 0.051320 0.027334 -0.055055 0.082389
502.362030 0.395280 0.344332 0.050948 0.027329 -0.055032 0.082361
503.473023 0.394708 0.344118 0.050591 0.027315 -0.055023 0.082338
504.584015 0.394120 0.343882 0.050238 0.027310 -0.055021 0.082331
505.695007 0.393515 0.343627 0.049888 0.027290 -0.055041 0.082332
506.806030 0.392974 0.343436 0.049537 0.027279 -0.055050 0.082329
507.917023 0.392395 0.343215 0.049180 0.027266 -0.055041 0.082307
509.028015 0.391834 0.343015 0.048820 0.027262 -0.055031 0.082292
510.139008 0.391266 0.342779 0.048487 0.027243 -0.055057 0.082299
511.250030 0.390757 0.342597 0.048160 0.027241 -0.055032 0.082273
512.361023 0.390188 0.342352 0.047836 0.027229 -0.055038 0.082267
513.472046 0.389683 0.342186 0.047497 0.027209 -0.055070 0.082280
514.583008 0.389132 0.341940 0.047192 0.027201 -0.055085 0.082286
515.694031 0.388600 0.341718 0.046881 0.027186 -0.055108 0.082294
516.804993 0.388094 0.341505 0.046589 0.027170 -0.055124 0.082294
517.916016 0.387585 0.341296 0.046289 0.027167 -0.055131 0.082298
519.027039 0.387096 0.341144 0.045952 0.027157 -0.055130 0.082287
520.138000 0.386603 0.340952 0.045651 0.027149 -0.055123 0.082272
521.249023 0.386096 0.340724 0.045372 0.027131 -0.055135 0.082266
522.359985 0.385631 0.340581 0.045050 0.027123 -0.055129 0.082252
523.471008 0.385141 0.340386 0.044755 0.027109 -0.055111 0.082219
524.582031 0.384649 0.340192 0.044457 0.027090 -0.055122 0.082212
525.692993 0.384168 0.339999 0.044169 0.027085 -0.055133 0.082217
526.804016 0.383714 0.339817 0.043897 0.027069 -0.055132 0.082201
527.915039 0.383271 0.339661 0.043610 0.027058 -0.055122 0.082180
529.026001 0.382798 0.339479 0.043319 0.027051 -0.055134 0.082185
530.137024 0.382349 0.339317 0.043032 0.027046 -0.055144 0.082191
531.247986 0.381875 0.339125 0.042750 0.027034 -0.055133 0.082167
532.359009 0.381436 0.338964 0.042472 0.027025 -0.055110 0.082134
533.470032 0.380978 0.338781 0.042198 0.027012 -0.055107 0.082119
534.580994 0.380564 0.338643 0.041921 0.026996 -0.055124 0.082119
535.692017 0.380136 0.338475 0.041661 0.026983 -0.055100 0.082083
536.803040 0.379706 0.338340 0.041366 0.026963 -0.055100 0.082062
537.914002 0.379269 0.338159 0.041109 0.026947 -0.055088 0.082035
539.025024 0.378832 0.338018 0.040815 0.026937 -0.055094 0.082031
540.135986 0.378436 0.337892 0.040544 0.026920 -0.055086 0.082006
541.247009 0.378016 0.337697 0.040319 0.026904 -0.055100 0.082004
542.358032 0.377578 0.337523 0.040055 0.026884 -0.055108 0.081992
543.468994 0.377195 0.337416 0.039779 0.026875 -0.055101 0.081977
544.580017 0.376736 0.337193 0.039543 0.026847 -0.055113 0.081960
545.691040 0.376380 0.337102 0.039277 0.026824 -0.055111 0.081935
546.802002 0.376014 0.336986 0.039028 0.026805 -0.055107 0.081912
547.913025 0.375639 0.336861 0.038778 0.026778 -0.055110 0.081887
549.023987 0.375256 0.336746 0.038510 0.026760 -0.055098 0.081858
550.135010 0.374880 0.336610 0.038269 0.026745 -0.055098 0.081843
551.246033 0.374480 0.336451 0.038028 0.026717 -0.055088 0.081805
552.356995 0.374119 0.336330 0.037789 0.026684 -0.055092 0.081776
553.468018 0.373750 0.336165 0.037586 0.026661 -0.055099 0.081760
554.579041 0.373377 0.336026 0.037352 0.026637 -0.055109 0.081746
555.690002 0.373014 0.335900 0.037114 0.026616 -0.055110 0.081726
556.801025 0.372600 0.335710 0.036890 0.026587 -0.055094 0.081681
557.911987 0.372238 0.335557 0.036681 0.026564 -0.055103 0.081666
559.023010 0.371921 0.335458 0.036463 0.026544 -0.055123 0.081667
560.134033 0.371554 0.335332 0.036222 0.026528 -0.055129 0.081658
561.244995 0.371182 0.335152 0.036030 0.026506 -0.055129 0.081636
562.356018 0.370829 0.335021 0.035808 0.026493 -0.055145 0.081638
563.467041 0.370470 0.334898 0.035573 0.026474 -0.055138 0.081612
564.578003 0.370115 0.334782 0.035333 0.026463 -0.055144 0.081608
565.689026 0.369719 0.334597 0.035122 0.026455 -0.055154 0.081609
566.799988 0.369392 0.334491 0.034901 0.026445 -0.055176 0.081621
567.911011 0.368972 0.334265 0.034707 0.026446 -0.055201 0.081647
569.022034 0.368577 0.334084 0.034493 0.026452 -0.055214 0.081666
570.132996 0.368211 0.333933 0.034278 0.026458 -0.055222 0.081680
571.244019 0.367823 0.333745 0.034077 0.026453 -0.055242 0.081696
572.355041 0.367432 0.333569 0.033863 0.026453 -0.055257 0.081710
573.466003 0.367075 0.333417 0.033658 0.026461 -0.055268 0.081729
574.577026 0.366705 0.333241 0.033464 0.026474 -0.055273 0.081747
575.687988 0.366333 0.333084 0.033249 0.026488 -0.055287 0.081775
576.799011 0.365960 0.332929 0.033031 0.026512 -0.055284 0.081796
577.910034 0.365588 0.332739 0.032849 0.026535 -0.055313 0.081849
579.020996 0.365261 0.332617 0.032644 0.026574 -0.055331 0.081905
580.132019 0.364885 0.332454 0.032431 0.026606 -0.055354 0.081960
581.243042 0.364500 0.332253 0.032247 0.026638 -0.055353 0.081992
582.354004 0.364134 0.332076 0.032058 0.026668 -0.055372 0.082040
583.465027 0.363786 0.331935 0.031851 0.026704 -0.055380 0.082084
584.575989 0.363378 0.331731 0.031647 0.026735 -0.055400 0.082135
585.687012 0.362997 0.331541 0.031455 0.026781 -0.055426 0.082206
586.798035 0.362664 0.331385 0.031280 0.026824 -0.055437 0.082262
587.908997 0.362319 0.331231 0.031088 0.026864 -0.055441 0.082305
589.020019 0.361959 0.331055 0.030904 0.026913 -0.055434 0.082347
590.130981 0.361637 0.330921 0.030715 0.026955 -0.055428 0.082382
591.242004 0.361287 0.330742 0.030545 0.027000 -0.055419 0.082419
592.353027 0.360942 0.330568 0.030374 0.027034 -0.055420 0.082454
593.463989 0.360611 0.330408 0.030203 0.027072 -0.055418 0.082490
594.575012 0.360286 0.330268 0.030018 0.027104 -0.055416 0.082520
595.686035 0.359993 0.330146 0.029847 0.027132 -0.055403 0.082536
596.796997 0.359665 0.330004 0.029661 0.027148 -0.055394 0.082541
597.908020 0.359353 0.329874 0.029479 0.027158 -0.055385 0.082543
599.018982 0.359037 0.329706 0.029330 0.027161 -0.055389 0.082550
600.130005 0.358735 0.329578 0.029158 0.027152 -0.055382 0.082534
601.241028 0.358455 0.329456 0.028999 0.027126 -0.055365 0.082491
602.351990 0.358149 0.329309 0.028840 0.027100 -0.055350 0.082450
603.463013 0.357870 0.329201 0.028670 0.027078 -0.055325 0.082402
604.574036 0.357617 0.329103 0.028514 0.027048 -0.055284 0.082331
605.684998 0.357364 0.329009 0.028355 0.027005 -0.055260 0.082265
606.796021 0.357137 0.328922 0.028215 0.026954 -0.055221 0.082175
607.906982 0.356892 0.328816 0.028076 0.026893 -0.055177 0.082070
609.018005 0.356640 0.328713 0.027928 0.026830 -0.055136 0.081967
610.129028 0.356380 0.328588 0.027792 0.026766 -0.055090 0.081856
611.239990 0.356159 0.328514 0.027645 0.026691 -0.055048 0.081739
612.351013 0.355928 0.328426 0.027501 0.026618 -0.054999 0.081616
613.462036 0.355704 0.328353 0.027351 0.026530 -0.054965 0.081495
614.572998 0.355488 0.328277 0.027211 0.026450 -0.054916 0.081366
615.684021 0.355275 0.328210 0.027065 0.026362 -0.054867 0.081229
616.794983 0.355046 0.328123 0.026923 0.026278 -0.054819 0.081097
617.906006 0.354769 0.327991 0.026778 0.026196 -0.054771 0.080966
619.017029 0.354548 0.327910 0.026638 0.026114 -0.054734 0.080848
620.127991 0.354320 0.327817 0.026502 0.026020 -0.054687 0.080707
621.239014 0.354098 0.327746 0.026352 0.025944 -0.054625 0.080569
622.350037 0.353860 0.327648 0.026212 0.025865 -0.054566 0.080431
623.460998 0.353607 0.327536 0.026071 0.025801 -0.054495 0.080296
624.572022 0.353374 0.327438 0.025936 0.025726 -0.054432 0.080158
625.682983 0.353114 0.327313 0.025801 0.025650 -0.054377 0.080027
626.794006 0.352876 0.327211 0.025665 0.025577 -0.054329 0.079906
627.905029 0.352603 0.327075 0.025528 0.025512 -0.054270 0.079783
629.015991 0.352386 0.327010 0.025376 0.025449 -0.054219 0.079667
630.127014 0.352149 0.326916 0.025232 0.025383 -0.054168 0.079551
631.238037 0.351913 0.326809 0.025104 0.025318 -0.054121 0.079439
632.348999 0.351679 0.326717 0.024962 0.025250 -0.054093 0.079343
633.460022 0.351399 0.326562 0.024837 0.025200 -0.054037 0.079237
634.570984 0.351133 0.326444 0.024689 0.025150 -0.053983 0.079133
635.682007 0.350887 0.326327 0.024560 0.025096 -0.053936 0.079032
636.793030 0.350592 0.326170 0.024422 0.025051 -0.053911 0.078962
637.903992 0.350340 0.326047 0.024293 0.025010 -0.053874 0.078884
639.015015 0.350111 0.325941 0.024170 0.024969 -0.053843 0.078813
640.126038 0.349896 0.325852 0.024045 0.024933 -0.053802 0.078735
641.237000 0.349635 0.325707 0.023928 0.024904 -0.053769 0.078672
642.348022 0.349377 0.325580 0.023797 0.024887 -0.053743 0.078630
643.458984 0.349134 0.325468 0.023667 0.024866 -0.053723 0.078589
644.570007 0.348900 0.325357 0.023542 0.024856 -0.053714 0.078570
645.681030 0.348653 0.325229 0.023424 0.024848 -0.053717 0.078565
646.791992 0.348420 0.325128 0.023292 0.024849 -0.053723 0.078572
647.903015 0.348181 0.325009 0.023172 0.024859 -0.053733 0.078592
649.014038 0.347960 0.324903 0.023056 0.024875 -0.053737 0.078613
650.125000 0.347727 0.324781 0.022945 0.024895 -0.053767 0.078661
651.236023 0.347460 0.324625 0.022835 0.024924 -0.053787 0.078711
652.346985 0.347231 0.324514 0.022717 0.024970 -0.053816 0.078786
653.458008 0.346975 0.324376 0.022599 0.025017 -0.053836 0.078852
654.569031 0.346758 0.324266 0.022492 0.025069 -0.053868 0.078937
655.679993 0.346532 0.324164 0.022368 0.025120 -0.053936 0.079056
656.791016 0.346287 0.324030 0.022256 0.025181 -0.054004 0.079185
657.901978 0.346047 0.323912 0.022135 0.025259 -0.054064 0.079323
659.013000 0.345846 0.323819 0.022026 0.025331 -0.054124 0.079454
660.124023 0.345604 0.323695 0.021909 0.025407 -0.054217 0.079624
661.234985 0.345373 0.323566 0.021808 0.025493 -0.054297 0.079791
662.346008 0.345117 0.323416 0.021701 0.025585 -0.054395 0.079980
663.457031 0.344905 0.323320 0.021585 0.025682 -0.054480 0.080161
664.567993 0.344690 0.323212 0.021478 0.025783 -0.054577 0.080360
665.679016 0.344477 0.323092 0.021385 0.025878 -0.054679 0.080557
666.789978 0.344253 0.322970 0.021283 0.025979 -0.054777 0.080756
667.901001 0.344048 0.322871 0.021177 0.026083 -0.054879 0.080962
669.012024 0.343814 0.322732 0.021082 0.026192 -0.054979 0.081171
670.122986 0.343568 0.322594 0.020974 0.026300 -0.055072 0.081372
671.234009 0.343323 0.322455 0.020868 0.026400 -0.055199 0.081598
672.345032 0.343119 0.322360 0.020759 0.026500 -0.055301 0.081801
673.455994 0.342907 0.322246 0.020661 0.026597 -0.055407 0.082004
674.567017 0.342696 0.322127 0.020568 0.026692 -0.055512 0.082204
675.677978 0.342492 0.322025 0.020467 0.026794 -0.055622 0.082415
676.789002 0.342266 0.321912 0.020354 0.026884 -0.055725 0.082609
677.900024 0.342064 0.321803 0.020261 0.026971 -0.055821 0.082792
679.010986 0.341866 0.321696 0.020171 0.027054 -0.055927 0.082981
680.122009 0.341637 0.321569 0.020068 0.027128 -0.056036 0.083164
681.233032 0.341435 0.321461 0.019975 0.027204 -0.056125 0.083328
682.343994 0.341228 0.321337 0.019892 0.027273 -0.056211 0.083484
683.455017 0.341025 0.321254 0.019771 0.027341 -0.056287 0.083628
684.565979 0.340828 0.321142 0.019686 0.027403 -0.056361 0.083764
685.677002 0.340631 0.321047 0.019584 0.027465 -0.056434 0.083899
686.788025 0.340429 0.320934 0.019494 0.027520 -0.056502 0.084022
687.898987 0.340192 0.320784 0.019408 0.027578 -0.056562 0.084141
689.010010 0.340005 0.320689 0.019317 0.027628 -0.056603 0.084232
690.121033 0.339815 0.320599 0.019216 0.027675 -0.056646 0.084321
691.231995 0.339638 0.320515 0.019122 0.027709 -0.056704 0.084413
692.343018 0.339496 0.320461 0.019034 0.027735 -0.056762 0.084497
693.453979 0.339325 0.320378 0.018947 0.027771 -0.056789 0.084560
694.565002 0.339138 0.320283 0.018855 0.027795 -0.056822 0.084617
695.676025 0.338947 0.320164 0.018783 0.027820 -0.056854 0.084675
696.786987 0.338751 0.320057 0.018694 0.027840 -0.056902 0.084742
697.898010 0.338579 0.319973 0.018606 0.027851 -0.056941 0.084792
699.009033 0.338393 0.319878 0.018515 0.027874 -0.056980 0.084855
700.119995 0.338196 0.319754 0.018442 0.027892 -0.056992 0.084884
701.231018 0.338031 0.319669 0.018362 0.027899 -0.057007 0.084906
702.341980 0.337870 0.319597 0.018273 0.027918 -0.057027 0.084945
703.453003 0.337711 0.319524 0.018187 0.027932 -0.057040 0.084972
704.564026 0.337550 0.319447 0.018103 0.027946 -0.057037 0.084983
705.674988 0.337383 0.319356 0.018027 0.027953 -0.057057 0.085011
706.786011 0.337253 0.319328 0.017925 0.027954 -0.057082 0.085036
707.897034 0.337059 0.319188 0.017870 0.027948 -0.057087 0.085035
709.007996 0.336889 0.319102 0.017787 0.027940 -0.057101 0.085041
710.119019 0.336742 0.319041 0.017702 0.027931 -0.057135 0.085066
711.229981 0.336551 0.318929 0.017622 0.027928 -0.057147 0.085075
712.341003 0.336418 0.318859 0.017558 0.027924 -0.057171 0.085095
713.452026 0.336259 0.318799 0.017460 0.027919 -0.057164 0.085083
714.562988 0.336081 0.318690 0.017391 0.027910 -0.057184 0.085094
715.674011 0.335914 0.318618 0.017296 0.027891 -0.057207 0.085098
716.785034 0.335770 0.318568 0.017202 0.027891 -0.057225 0.085116
717.895996 0.335595 0.318472 0.017123 0.027890 -0.057228 0.085118
719.007019 0.335400 0.318354 0.017046 0.027867 -0.057240 0.085108
720.117981 0.335217 0.318256 0.016961 0.027857 -0.057241 0.085099
721.229004 0.335044 0.318149 0.016895 0.027854 -0.057233 0.085087
722.340027 0.334900 0.318095 0.016805 0.027856 -0.057241 0.085097
723.450989 0.334710 0.317986 0.016724 0.027849 -0.057260 0.085109
724.562012 0.334585 0.317928 0.016658 0.027826 -0.057274 0.085099
725.673035 0.334438 0.317852 0.016586 0.027817 -0.057294 0.085111
726.783997 0.334279 0.317778 0.016501 0.027814 -0.057308 0.085121
727.895019 0.334122 0.317691 0.016431 0.027797 -0.057321 0.085118
729.005981 0.333954 0.317584 0.016370 0.027792 -0.057331 0.085123
730.117004 0.333807 0.317516 0.016291 0.027785 -0.057356 0.085142
731.228027 0.333671 0.317439 0.016232 0.027774 -0.057350 0.085124
732.338989 0.333519 0.317381 0.016138 0.027752 -0.057349 0.085101
733.450012 0.333425 0.317353 0.016073 0.027732 -0.057377 0.085109
734.560974 0.333272 0.317274 0.015998 0.027719 -0.057431 0.085150
735.671997 0.333130 0.317210 0.015921 0.027697 -0.057467 0.085165
736.783020 0.332989 0.317127 0.015862 0.027683 -0.057472 0.085156
737.893982 0.332801 0.316983 0.015818 0.027661 -0.057504 0.085165
739.005005 0.332624 0.316878 0.015747 0.027643 -0.057526 0.085168
740.116028 0.332492 0.316835 0.015657 0.027632 -0.057559 0.085191
741.226990 0.332396 0.316842 0.015554 0.027637 -0.057566 0.085203
742.338013 0.332257 0.316796 0.015461 0.027611 -0.057589 0.085200
743.448975 0.332138 0.316759 0.015379 0.027591 -0.057619 0.085210
744.559998 0.331973 0.316661 0.015312 0.027574 -0.057638 0.085212
745.671021 0.331833 0.316603 0.015230 0.027569 -0.057632 0.085200
746.781982 0.331691 0.316519 0.015172 0.027566 -0.057633 0.085199
747.893005 0.331557 0.316469 0.015088 0.027540 -0.057655 0.085195
749.004028 0.331464 0.316424 0.015039 0.027518 -0.057666 0.085184
750.114990 0.331346 0.316370 0.014976 0.027515 -0.057668 0.085183
751.226013 0.331245 0.316316 0.014930 0.027498 -0.057677 0.085175
752.336975 0.331121 0.316248 0.014873 0.027493 -0.057683 0.085176
753.447998 0.330948 0.316156 0.014792 0.027492 -0.057712 0.085204
754.559021 0.330856 0.316101 0.014754 0.027511 -0.057723 0.085234
755.669983 0.330652 0.315968 0.014684 0.027494 -0.057745 0.085240
756.781006 0.330465 0.315866 0.014599 0.027487 -0.057700 0.085187
757.892029 0.330350 0.315766 0.014584 0.027495 -0.057689 0.085184
759.002991 0.330286 0.315772 0.014515 0.027503 -0.057711 0.085214
760.114014 0.330171 0.315713 0.014459 0.027533 -0.057671 0.085204
761.224976 0.330063 0.315621 0.014441 0.027520 -0.057659 0.085179
762.335998 0.329982 0.315603 0.014378 0.027525 -0.057668 0.085194
763.447022 0.329904 0.315552 0.014352 0.027505 -0.057675 0.085180
764.557983 0.329856 0.315574 0.014282 0.027522 -0.057714 0.085236
765.669006 0.329721 0.315486 0.014234 0.027518 -0.057713 0.085231
766.780029 0.329616 0.315400 0.014217 0.027500 -0.057748 0.085248
767.890991 0.329500 0.315307 0.014193 0.027477 -0.057775 0.085253
769.002014 0.329372 0.315275 0.014097 0.027464 -0.057782 0.085246
770.112976 0.329259 0.315164 0.014095 0.027460 -0.057779 0.085239
771.223999 0.329058 0.315007 0.014051 0.027444 -0.057795 0.085239
772.335022 0.328913 0.314935 0.013979 0.027428 -0.057843 0.085272
773.445984 0.328752 0.314859 0.013893 0.027417 -0.057870 0.085286
774.557007 0.328637 0.314794 0.013843 0.027424 -0.057883 0.085307
775.668030 0.328544 0.314813 0.013731 0.027414 -0.057932 0.085346
776.778992 0.328457 0.314757 0.013700 0.027392 -0.057932 0.085324
777.890015 0.328336 0.314653 0.013683 0.027404 -0.057885 0.085289
779.000977 0.328220 0.314630 0.013590 0.027378 -0.057929 0.085307
780.112000 0.328074 0.314588 0.013486 0.027367 -0.057937 0.085304
781.223022 0.327852 0.314384 0.013468 0.027357 -0.057931 0.085288
782.333984 0.327784 0.314416 0.013368 0.027353 -0.057949 0.085302
783.445007 0.327635 0.314284 0.013350 0.027366 -0.057972 0.085338
784.556030 0.327511 0.314213 0.013298 0.027343 -0.057968 0.085311
785.666992 0.327396 0.314170 0.013227 0.027326 -0.057974 0.085300
786.778015 0.327223 0.313987 0.013235 0.027315 -0.057967 0.085282
787.888977 0.327162 0.313973 0.013189 0.027306 -0.057981 0.085287
789.000000 0.327218 0.314127 0.013091 0.027283 -0.057896 0.085179
790.111023 0.327279 0.314216 0.013063 0.027252 -0.057845 0.085097
791.221985 0.327294 0.314233 0.013061 0.027212 -0.057803 0.085014
792.333008 0.327316 0.314346 0.012970 0.027182 -0.057740 0.084922
793.444031 0.327400 0.314503 0.012896 0.027157 -0.057677 0.084835
794.554993 0.327415 0.314541 0.012875 0.027133 -0.057596 0.084729
795.666016 0.327435 0.314600 0.012836 0.027112 -0.057517 0.084629
796.776978 0.327480 0.314692 0.012788 0.027052 -0.057482 0.084534
797.888000 0.327476 0.314663 0.012813 0.027010 -0.057392 0.084402
798.999084 0.327448 0.314713 0.012735 0.026983 -0.057332 0.084315
800.110046 0.327519 0.314862 0.012657 0.026944 -0.057295 0.084238
801.221069 0.327573 0.314866 0.012707 0.026927 -0.057211 0.084138
802.332031 0.327611 0.314920 0.012691 0.026900 -0.057146 0.084046
803.443054 0.327729 0.315111 0.012617 0.026876 -0.057083 0.083958
804.554077 0.327746 0.315117 0.012629 0.026827 -0.057023 0.083850
805.665039 0.327804 0.315296 0.012508 0.026789 -0.056930 0.083719
806.776062 0.327819 0.315314 0.012505 0.026758 -0.056870 0.083628
807.887085 0.327835 0.315350 0.012485 0.026747 -0.056819 0.083566
808.998047 0.327862 0.315443 0.012419 0.026708 -0.056733 0.083441
810.109070 0.327861 0.315487 0.012374 0.026676 -0.056651 0.083327
811.220032 0.327733 0.315404 0.012329 0.026667 -0.056654 0.083320
812.331055 0.327648 0.315393 0.012255 0.026659 -0.056633 0.083292
813.442078 0.327519 0.315317 0.012201 0.026678 -0.056590 0.083268
814.553040 0.327403 0.315252 0.012151 0.026686 -0.056587 0.083274
815.664063 0.327330 0.315206 0.012124 0.026688 -0.056578 0.083267
816.775085 0.327253 0.315147 0.012106 0.026677 -0.056569 0.083246
817.886047 0.327154 0.315075 0.012079 0.026669 -0.056551 0.083220
818.997070 0.327056 0.315031 0.012024 0.026677 -0.056499 0.083176
820.108032 0.327033 0.315062 0.011971 0.026683 -0.056496 0.083179
821.219055 0.326963 0.315051 0.011912 0.026677 -0.056506 0.083182
822.330078 0.326883 0.315009 0.011874 0.026681 -0.056519 0.083200
823.441040 0.326796 0.314980 0.011815 0.026669 -0.056530 0.083199
824.552063 0.326750 0.315001 0.011750 0.026653 -0.056552 0.083205
825.663086 0.326653 0.314952 0.011700 0.026637 -0.056540 0.083176
826.774048 0.326528 0.314875 0.011653 0.026642 -0.056533 0.083175
827.885071 0.326460 0.314833 0.011626 0.026650 -0.056532 0.083182
828.996033 0.326356 0.314784 0.011571 0.026647 -0.056523 0.083170
830.107056 0.326230 0.314695 0.011535 0.026636 -0.056502 0.083138
831.218079 0.326182 0.314679 0.011503 0.026648 -0.056495 0.083142
832.329041 0.326099 0.314681 0.011418 0.026640 -0.056504 0.083144
833.440063 0.326024 0.314608 0.011416 0.026643 -0.056487 0.083130
834.551025 0.325926 0.314535 0.011392 0.026659 -0.056478 0.083137
835.662048 0.325895 0.314583 0.011312 0.026656 -0.056511 0.083167
836.773071 0.325772 0.314517 0.011255 0.026649 -0.056464 0.083113
837.884033 0.325642 0.314472 0.011170 0.026629 -0.056469 0.083098
838.995056 0.325500 0.314408 0.011092 0.026625 -0.056420 0.083044
840.106079 0.325441 0.314404 0.011037 0.026609 -0.056443 0.083053
841.217041 0.325254 0.314330 0.010925 0.026600 -0.056453 0.083053
842.328064 0.325185 0.314282 0.010903 0.026585 -0.056458 0.083043
843.439026 0.325083 0.314249 0.010834 0.026580 -0.056465 0.083045
844.550049 0.324983 0.314276 0.010707 0.026583 -0.056464 0.083047
845.661072 0.324877 0.314189 0.010688 0.026599 -0.056473 0.083072
846.772034 0.324686 0.314059 0.010628 0.026605 -0.056428 0.083033
847.883057 0.324548 0.313963 0.010586 0.026611 -0.056370 0.082981
848.994080 0.324521 0.313894 0.010627 0.026566 -0.056373 0.082939
850.105041 0.324436 0.313817 0.010619 0.026580 -0.056422 0.083002
851.216065 0.324390 0.313923 0.010467 0.026567 -0.056380 0.082947
852.327026 0.324286 0.313870 0.010416 0.026537 -0.056365 0.082902
853.438049 0.324118 0.313777 0.010341 0.026528 -0.056356 0.082884
854.549072 0.324101 0.313803 0.010298 0.026544 -0.056362 0.082906
855.660034 0.324079 0.313880 0.010199 0.026486 -0.056351 0.082837
856.771057 0.323955 0.313776 0.010179 0.026429 -0.056357 0.082786
857.882080 0.323757 0.313754 0.010002 0.026370 -0.056315 0.082685
858.993042 0.323728 0.313682 0.010046 0.026362 -0.056315 0.082677
860.104065 0.323682 0.313554 0.010128 0.026431 -0.056338 0.082769
861.215027 0.323403 0.313294 0.010108 0.026460 -0.056345 0.082805
862.326050 0.323454 0.313339 0.010115 0.026370 -0.056289 0.082658
863.437073 0.323426 0.313075 0.010351 0.026441 -0.056297 0.082738
864.548035 0.323264 0.313100 0.010164 0.026503 -0.056203 0.082706
865.659058 0.323296 0.312951 0.010345 0.026503 -0.056155 0.082658
866.770081 0.323297 0.312982 0.010314 0.026439 -0.056022 0.082461
867.881043 0.322906 0.312715 0.010191 0.026410 -0.055984 0.082393
868.992065 0.322938 0.312843 0.010094 0.026520 -0.055732 0.082253
870.103027 0.322975 0.313328 0.009647 0.026437 -0.055963 0.082400
871.214050 0.322626 0.312946 0.009680 0.026347 -0.056115 0.082461
872.325073 0.322474 0.312891 0.009583 0.026216 -0.056085 0.082300
873.436035 0.322544 0.313404 0.009140 0.026066 -0.056204 0.082270
874.547058 0.322532 0.313478 0.009055 0.026096 -0.056188 0.082284
875.658081 0.323013 0.313714 0.009299 0.026111 -0.056200 0.082311
876.769043 0.322613 0.313754 0.008859 0.026147 -0.055994 0.082141
877.880066 0.322518 0.313647 0.008871 0.026274 -0.056099 0.082373
878.991028 0.322213 0.313003 0.009209 0.026109 -0.056346 0.082455
880.102051 0.321883 0.312915 0.008968 0.026194 -0.056513 0.082707
881.213074 0.322322 0.313846 0.008475 0.026128 -0.056422 0.082550
882.324036 0.322120 0.313511 0.008609 0.026391 -0.056058 0.082449
883.435059 0.322214 0.314352 0.007862 0.026586 -0.056033 0.082620
884.546082 0.322150 0.313783 0.008367 0.026358 -0.056427 0.082785
885.657043 0.321845 0.312706 0.009139 0.026268 -0.056531 0.082799
886.768066 0.321556 0.313128 0.008428 0.026139 -0.056624 0.082763
887.879028 0.321203 0.312753 0.008450 0.026429 -0.056624 0.083053
888.990051 0.320962 0.312469 0.008494 0.026470 -0.056744 0.083214
890.101074 0.321126 0.312610 0.008516 0.026471 -0.056748 0.083219
891.212036 0.320907 0.312308 0.008599 0.026347 -0.057015 0.083362
892.323059 0.320631 0.311652 0.008979 0.026408 -0.056838 0.083246
893.434082 0.320698 0.311919 0.008778 0.026509 -0.056691 0.083200
894.545044 0.320589 0.311799 0.008790 0.026589 -0.056689 0.083278
895.656067 0.320223 0.310946 0.009277 0.026736 -0.056608 0.083343
896.767029 0.320006 0.310694 0.009312 0.026725 -0.056638 0.083363
897.878052 0.319318 0.310263 0.009055 0.026687 -0.056641 0.083329
898.989075 0.319397 0.309909 0.009488 0.026616 -0.056836 0.083452
900.100037 0.319173 0.309725 0.009448 0.026524 -0.056748 0.083272
901.211060 0.319264 0.310251 0.009013 0.026721 -0.056503 0.083224
902.322082 0.319435 0.310058 0.009377 0.026666 -0.056362 0.083028
903.433044 0.318719 0.308961 0.009758 0.026717 -0.056487 0.083204
904.544067 0.318655 0.309174 0.009480 0.026382 -0.056829 0.083211
905.655029 0.318560 0.308394 0.010167 0.026145 -0.056886 0.083030
906.766052 0.318235 0.308670 0.009565 0.026461 -0.056537 0.082998
907.877075 0.318322 0.309797 0.008525 0.026461 -0.056433 0.082894
908.988037 0.318385 0.309066 0.009319 0.026522 -0.056415 0.082936
910.099060 0.318362 0.309296 0.009066 0.026210 -0.056455 0.082665
911.210022 0.318279 0.309256 0.009024 0.026192 -0.056478 0.082670
912.321045 0.318193 0.309199 0.008993 0.026185 -0.056499 0.082684
913.432068 0.318116 0.309163 0.008953 0.026183 -0.056514 0.082697
914.543030 0.318047 0.309127 0.008920 0.026180 -0.056521 0.082701
915.654053 0.317975 0.309088 0.008887 0.026170 -0.056541 0.082710
916.765076 0.317908 0.309052 0.008856 0.026170 -0.056543 0.082712
917.876038 0.317847 0.309031 0.008817 0.026159 -0.056561 0.082720
918.987060 0.317788 0.308997 0.008790 0.026148 -0.056573 0.082721
920.098022 0.317724 0.308982 0.008742 0.026144 -0.056577 0.082721
921.209045 0.317656 0.308943 0.008714 0.026141 -0.056590 0.082730
922.320068 0.317589 0.308910 0.008679 0.026134 -0.056610 0.082744
923.431030 0.317510 0.308869 0.008641 0.026124 -0.056625 0.082748
924.542053 0.317450 0.308844 0.008606 0.026118 -0.056630 0.082749
925.653076 0.317380 0.308807 0.008573 0.026113 -0.056640 0.082753
926.764038 0.317305 0.308770 0.008536 0.026104 -0.056649 0.082752
927.875061 0.317241 0.308749 0.008492 0.026100 -0.056658 0.082757
928.986023 0.317176 0.308725 0.008451 0.026092 -0.056664 0.082756
930.097046 0.317120 0.308701 0.008419 0.026093 -0.056672 0.082765
931.208069 0.317067 0.308676 0.008391 0.026092 -0.056676 0.082768
932.319031 0.317015 0.308652 0.008362 0.026081 -0.056685 0.082766
933.430054 0.316960 0.308626 0.008334 0.026083 -0.056694 0.082776
934.541077 0.316911 0.308612 0.008299 0.026089 -0.056692 0.082781
935.652039 0.316853 0.308579 0.008274 0.026085 -0.056703 0.082788
936.763062 0.316794 0.308561 0.008233 0.026079 -0.056715 0.082794
937.874023 0.316735 0.308535 0.008199 0.026090 -0.056706 0.082796
938.985046 0.316680 0.308508 0.008172 0.026092 -0.056723 0.082814
940.096069 0.316625 0.308490 0.008136 0.026094 -0.056722 0.082816
941.207031 0.316568 0.308478 0.008090 0.026099 -0.056725 0.082824
942.318054 0.316520 0.308460 0.008060 0.026102 -0.056741 0.082843
943.429077 0.316466 0.308445 0.008021 0.026110 -0.056747 0.082857
944.540039 0.316420 0.308427 0.007993 0.026108 -0.056759 0.082867
945.651062 0.316378 0.308418 0.007959 0.026122 -0.056770 0.082892
946.762024 0.316322 0.308401 0.007921 0.026125 -0.056787 0.082912
947.873047 0.316267 0.308380 0.007887 0.026132 -0.056814 0.082945
948.984070 0.316217 0.308371 0.007845 0.026140 -0.056825 0.082965
950.095032 0.316168 0.308342 0.007826 0.026142 -0.056855 0.082997
951.206055 0.316114 0.308312 0.007802 0.026147 -0.056870 0.083016
952.317078 0.316058 0.308286 0.007772 0.026154 -0.056885 0.083038
953.428040 0.316007 0.308277 0.007729 0.026155 -0.056897 0.083052
954.539063 0.315944 0.308245 0.007699 0.026169 -0.056911 0.083080
955.650024 0.315880 0.308208 0.007671 0.026192 -0.056914 0.083106
956.761047 0.315825 0.308189 0.007636 0.026196 -0.056929 0.083125
957.872070 0.315760 0.308157 0.007604 0.026206 -0.056946 0.083152
958.983032 0.315710 0.308129 0.007582 0.026229 -0.056952 0.083181
960.094055 0.315653 0.308097 0.007556 0.026243 -0.056967 0.083210
961.205078 0.315591 0.308068 0.007523 0.026260 -0.056977 0.083237
962.316040 0.315531 0.308028 0.007502 0.026278 -0.056981 0.083259
963.427063 0.315469 0.307985 0.007484 0.026307 -0.056987 0.083294
964.538025 0.315403 0.307940 0.007463 0.026331 -0.056989 0.083320
965.649048 0.315332 0.307894 0.007438 0.026350 -0.056998 0.083348
966.760071 0.315256 0.307845 0.007411 0.026387 -0.056999 0.083386
967.871033 0.315191 0.307808 0.007383 0.026420 -0.056998 0.083419
968.982056 0.315117 0.307751 0.007366 0.026470 -0.056993 0.083462
970.093079 0.315047 0.307708 0.007339 0.026516 -0.056989 0.083505
971.204041 0.314982 0.307659 0.007323 0.026570 -0.056988 0.083558
972.315063 0.314905 0.307605 0.007300 0.026631 -0.056970 0.083601
973.426025 0.314831 0.307553 0.007277 0.026694 -0.056966 0.083660
974.537048 0.314748 0.307488 0.007260 0.026769 -0.056962 0.083730
975.648071 0.314660 0.307411 0.007250 0.026858 -0.056959 0.083818
976.759033 0.314593 0.307362 0.007230 0.026950 -0.056947 0.083896
977.870056 0.314527 0.307304 0.007222 0.027042 -0.056940 0.083982
978.981018 0.314444 0.307236 0.007208 0.027148 -0.056931 0.084079
980.092041 0.314363 0.307169 0.007195 0.027262 -0.056914 0.084176
981.203064 0.314271 0.307084 0.007187 0.027388 -0.056901 0.084289
982.314026 0.314182 0.307003 0.007179 0.027523 -0.056891 0.084414
983.425049 0.314092 0.306920 0.007172 0.027672 -0.056870 0.084542
984.536072 0.314004 0.306848 0.007156 0.027833 -0.056860 0.084693
985.647034 0.313911 0.306770 0.007141 0.028004 -0.056842 0.084846
986.758057 0.313821 0.306694 0.007127 0.028187 -0.056823 0.085010
987.869019 0.313736 0.306620 0.007116 0.028390 -0.056792 0.085182
988.980041 0.313645 0.306540 0.007106 0.028612 -0.056753 0.085365
990.091065 0.313548 0.306445 0.007102 0.028837 -0.056727 0.085565
991.202026 0.313452 0.306365 0.007087 0.029079 -0.056703 0.085782
992.313049 0.313360 0.306282 0.007078 0.029336 -0.056674 0.086011
993.424072 0.313261 0.306191 0.007070 0.029616 -0.056638 0.086255
994.535034 0.313166 0.306102 0.007064 0.029919 -0.056593 0.086512
995.646057 0.313071 0.306018 0.007053 0.030247 -0.056548 0.086796
996.757019 0.312982 0.305943 0.007039 0.030594 -0.056493 0.087086
997.868042 0.312886 0.305861 0.007025 0.030959 -0.056446 0.087404
998.979065 0.312790 0.305771 0.007018 0.031352 -0.056381 0.087734
1000.090027 0.312687 0.305686 0.007001 0.031768 -0.056316 0.088084
1001.201050 0.312587 0.305587 0.006999 0.032217 -0.056250 0.088466
1002.312073 0.312491 0.305496 0.006995 0.032696 -0.056167 0.088863
1003.423035 0.312397 0.305421 0.006977 0.033201 -0.056088 0.089289
1004.534058 0.312305 0.305349 0.006956 0.033746 -0.055995 0.089741
1005.645020 0.312217 0.305273 0.006943 0.034322 -0.055893 0.090215
1006.756042 0.312127 0.305188 0.006940 0.034930 -0.055793 0.090724
1007.867065 0.312031 0.305100 0.006931 0.035565 -0.055685 0.091250
1008.978027 0.311940 0.305022 0.006918 0.036248 -0.055565 0.091813
1010.089050 0.311844 0.304931 0.006913 0.036971 -0.055443 0.092415
1011.200073 0.311761 0.304853 0.006908 0.037727 -0.055316 0.093043
1012.311035 0.311675 0.304770 0.006904 0.038532 -0.055165 0.093697
1013.422058 0.311594 0.304691 0.006903 0.039379 -0.055009 0.094387
1014.533020 0.311517 0.304610 0.006907 0.040271 -0.054843 0.095113
1015.644043 0.311440 0.304530 0.006910 0.041210 -0.054665 0.095875
1016.755066 0.311365 0.304462 0.006903 0.042189 -0.054488 0.096677
1017.866028 0.311293 0.304383 0.006909 0.043216 -0.054300 0.097517
1018.977051 0.311222 0.304310 0.006913 0.044281 -0.054107 0.098388
1020.088074 0.311163 0.304247 0.006916 0.045409 -0.053882 0.099291
1021.199036 0.311101 0.304185 0.006915 0.046585 -0.053671 0.100256
1022.310059 0.311038 0.304115 0.006923 0.047815 -0.053444 0.101259
1023.421021 0.310990 0.304064 0.006926 0.049093 -0.053201 0.102294
1024.532104 0.310952 0.304022 0.006930 0.050418 -0.052956 0.103374
1025.643066 0.310916 0.303969 0.006947 0.051806 -0.052692 0.104498
1026.754028 0.310885 0.303911 0.006973 0.053226 -0.052428 0.105654
1027.864990 0.310850 0.303858 0.006992 0.054705 -0.052158 0.106863
1028.976074 0.310826 0.303817 0.007009 0.056242 -0.051874 0.108116
1030.087036 0.310822 0.303784 0.007038 0.057827 -0.051583 0.109410
1031.197998 0.310818 0.303751 0.007067 0.059465 -0.051277 0.110742
1032.309082 0.310827 0.303731 0.007096 0.061154 -0.050961 0.112115
1033.420044 0.310830 0.303697 0.007133 0.062892 -0.050638 0.113531
1034.531006 0.310844 0.303670 0.007173 0.064678 -0.050310 0.114989
1035.642090 0.310874 0.303656 0.007218 0.066503 -0.049972 0.116475
1036.753052 0.310915 0.303641 0.007274 0.068385 -0.049625 0.118010
1037.864014 0.310947 0.303623 0.007324 0.070305 -0.049274 0.119579
1038.975098 0.311005 0.303616 0.007388 0.072259 -0.048922 0.121181
1040.086060 0.311068 0.303615 0.007453 0.074257 -0.048547 0.122803
1041.197021 0.311139 0.303606 0.007533 0.076293 -0.048179 0.124472
1042.308105 0.311220 0.303601 0.007619 0.078361 -0.047805 0.126166
1043.419067 0.311304 0.303587 0.007716 0.080461 -0.047405 0.127866
1044.530029 0.311419 0.303603 0.007816 0.082592 -0.047013 0.129604
1045.640991 0.311544 0.303613 0.007931 0.084747 -0.046623 0.131369
1046.752075 0.311666 0.303612 0.008054 0.086940 -0.046226 0.133166
1047.863037 0.311803 0.303623 0.008180 0.089150 -0.045821 0.134971
1048.973999 0.311964 0.303643 0.008321 0.091413 -0.045408 0.136821
1050.085083 0.312141 0.303661 0.008481 0.093696 -0.045002 0.138698
1051.196045 0.312331 0.303669 0.008662 0.096017 -0.044577 0.140595
1052.307007 0.312545 0.303699 0.008846 0.098378 -0.044141 0.142519
1053.418091 0.312770 0.303711 0.009059 0.100733 -0.043705 0.144438
1054.529053 0.313009 0.303731 0.009279 0.103069 -0.043283 0.146352
1055.640015 0.313264 0.303760 0.009504 0.105391 -0.042863 0.148254
1056.751099 0.313529 0.303785 0.009744 0.107698 -0.042446 0.150144
1057.862061 0.313817 0.303808 0.010009 0.109978 -0.042037 0.152015
1058.973022 0.314102 0.303831 0.010271 0.112222 -0.041633 0.153855
1060.083984 0.314425 0.303879 0.010546 0.114435 -0.041238 0.155673
1061.195068 0.314739 0.303908 0.010831 0.116633 -0.040839 0.157473
1062.306030 0.315070 0.303935 0.011134 0.118798 -0.040466 0.159264
1063.416992 0.315410 0.303968 0.011442 0.120931 -0.040089 0.161020
1064.528076 0.315770 0.304002 0.011768 0.123040 -0.039728 0.162769
1065.639038 0.316149 0.304049 0.012100 0.125113 -0.039383 0.164496
1066.750000 0.316526 0.304078 0.012449 0.127141 -0.039040 0.166181
1067.861084 0.316912 0.304106 0.012806 0.129147 -0.038689 0.167836
1068.972046 0.317322 0.304150 0.013172 0.131106 -0.038354 0.169461
1070.083008 0.317743 0.304182 0.013561 0.133034 -0.038032 0.171066
1071.194092 0.318165 0.304215 0.013951 0.134895 -0.037729 0.172625
1072.305054 0.318601 0.304248 0.014352 0.136721 -0.037414 0.174135
1073.416016 0.319043 0.304287 0.014757 0.138483 -0.037130 0.175613
1074.527100 0.319484 0.304309 0.015175 0.140192 -0.036873 0.177065
1075.638062 0.319940 0.304343 0.015596 0.141885 -0.036622 0.178507
1076.749023 0.320406 0.304375 0.016031 0.143557 -0.036363 0.179921
1077.859985 0.320890 0.304411 0.016479 0.145219 -0.036114 0.181333
1078.971069 0.321387 0.304455 0.016932 0.146859 -0.035877 0.182736
1080.082031 0.321880 0.304483 0.017397 0.148505 -0.035640 0.184145
1081.192993 0.322390 0.304508 0.017882 0.150144 -0.035406 0.185550
1082.304077 0.322903 0.304526 0.018377 0.151779 -0.035174 0.186953
1083.415039 0.323436 0.304553 0.018883 0.153404 -0.034956 0.188359
1084.526001 0.323986 0.304590 0.019396 0.155023 -0.034731 0.189754
1085.637085 0.324551 0.304622 0.019929 0.156643 -0.034510 0.191153
1086.748047 0.325122 0.304645 0.020476 0.158247 -0.034297 0.192544
1087.859009 0.325705 0.304662 0.021044 0.159859 -0.034091 0.193950
1088.970093 0.326303 0.304678 0.021624 0.161476 -0.033881 0.195357
1090.081055 0.326902 0.304690 0.022212 0.163082 -0.033685 0.196766
1091.192017 0.327515 0.304706 0.022809 0.164689 -0.033485 0.198174
1092.303101 0.328135 0.304718 0.023417 0.166279 -0.033299 0.199578
1093.414063 0.328766 0.304732 0.024035 0.167878 -0.033113 0.200991
1094.525024 0.329405 0.304742 0.024663 0.169469 -0.032943 0.202412
1095.635986 0.330050 0.304760 0.025290 0.171066 -0.032769 0.203835
1096.747070 0.330700 0.304764 0.025936 0.172654 -0.032594 0.205248
1097.858032 0.331359 0.304765 0.026594 0.174234 -0.032434 0.206668
1098.968994 0.332025 0.304772 0.027253 0.175825 -0.032278 0.208103
1100.080078 0.332697 0.304777 0.027920 0.177411 -0.032129 0.209540
1101.191040 0.333379 0.304764 0.028615 0.179010 -0.031973 0.210983
1102.302002 0.334068 0.304761 0.029307 0.180600 -0.031836 0.212436
1103.413086 0.334757 0.304754 0.030003 0.182207 -0.031698 0.213904
1104.524048 0.335456 0.304736 0.030720 0.183816 -0.031563 0.215378
1105.635010 0.336159 0.304714 0.031445 0.185435 -0.031428 0.216863
1106.746094 0.336861 0.304677 0.032184 0.187058 -0.031306 0.218364
1107.857056 0.337572 0.304642 0.032930 0.188690 -0.031183 0.219874
1108.968018 0.338285 0.304607 0.033678 0.190338 -0.031056 0.221394
1110.079102 0.339001 0.304574 0.034427 0.191979 -0.030941 0.222920
1111.190063 0.339718 0.304534 0.035184 0.193627 -0.030831 0.224458
1112.301025 0.340439 0.304491 0.035948 0.195282 -0.030736 0.226018
1113.411987 0.341163 0.304440 0.036723 0.196948 -0.030660 0.227608
1114.523071 0.341898 0.304396 0.037502 0.198634 -0.030572 0.229205
1115.634033 0.342627 0.304330 0.038297 0.200341 -0.030494 0.230835
1116.744995 0.343372 0.304280 0.039092 0.202055 -0.030417 0.232472
1117.856079 0.344119 0.304215 0.039905 0.203772 -0.030349 0.234120
1118.967041 0.344869 0.304160 0.040709 0.205527 -0.030278 0.235805
1120.078003 0.345625 0.304090 0.041535 0.207298 -0.030210 0.237507
1121.189087 0.346398 0.304022 0.042376 0.209077 -0.030153 0.239230
1122.300049 0.347167 0.303952 0.043215 0.210885 -0.030098 0.240982
1123.411011 0.347926 0.303875 0.044051 0.212715 -0.030041 0.242757
1124.522095 0.348693 0.303803 0.044889 0.214573 -0.029997 0.244570
1125.633057 0.349474 0.303726 0.045748 0.216453 -0.029958 0.246412
1126.744019 0.350269 0.303659 0.046610 0.218365 -0.029935 0.248300
1127.854980 0.351080 0.303601 0.047479 0.220290 -0.029896 0.250186
1128.966064 0.351883 0.303537 0.048346 0.222239 -0.029876 0.252115
1130.077026 0.352686 0.303469 0.049218 0.224204 -0.029860 0.254064
1131.187988 0.353493 0.303405 0.050088 0.226186 -0.029867 0.256053
1132.299072 0.354303 0.303328 0.050975 0.228203 -0.029875 0.258078
1133.410034 0.355114 0.303269 0.051845 0.230241 -0.029882 0.260123
1134.520996 0.355931 0.303197 0.052734 0.232322 -0.029895 0.262217
1135.632080 0.356746 0.303121 0.053626 0.234426 -0.029906 0.264332
1136.743042 0.357568 0.303047 0.054521 0.236564 -0.029932 0.266496
1137.854004 0.358398 0.302984 0.055414 0.238724 -0.029966 0.268690
1138.965088 0.359216 0.302907 0.056309 0.240926 -0.030007 0.270933
1140.076050 0.360043 0.302829 0.057214 0.243174 -0.030044 0.273218
1141.187012 0.360880 0.302756 0.058124 0.245446 -0.030084 0.275530
1142.298096 0.361712 0.302688 0.059024 0.247769 -0.030136 0.277904
1143.409058 0.362533 0.302611 0.059922 0.250133 -0.030204 0.280337
1144.520020 0.363369 0.302530 0.060839 0.252532 -0.030274 0.282806
1145.630981 0.364221 0.302468 0.061753 0.254970 -0.030363 0.285333
1146.742065 0.365077 0.302399 0.062678 0.257458 -0.030438 0.287896
1147.853027 0.365934 0.302342 0.063591 0.259978 -0.030521 0.290499
1148.963989 0.366778 0.302267 0.064510 0.262542 -0.030612 0.293155
1150.075073 0.367614 0.302179 0.065434 0.265167 -0.030729 0.295896
1151.186035 0.368470 0.302119 0.066351 0.267843 -0.030830 0.298673
1152.296997 0.369322 0.302053 0.067269 0.270568 -0.030962 0.301530
1153.408081 0.370180 0.301981 0.068199 0.273343 -0.031088 0.304431
1154.519043 0.371034 0.301914 0.069120 0.276174 -0.031208 0.307382
1155.630005 0.371894 0.301841 0.070053 0.279048 -0.031354 0.310402
1156.741089 0.372759 0.301777 0.070981 0.281962 -0.031497 0.313459
1157.852051 0.373624 0.301714 0.071910 0.284940 -0.031642 0.316582
1158.963013 0.374485 0.301646 0.072840 0.287962 -0.031790 0.319752
1160.074097 0.375348 0.301584 0.073764 0.291033 -0.031939 0.322972
1161.185059 0.376215 0.301516 0.074699 0.294172 -0.032103 0.326275
1162.296021 0.377086 0.301453 0.075633 0.297382 -0.032274 0.329656
1163.406982 0.377958 0.301385 0.076574 0.300681 -0.032467 0.333148
1164.518066 0.378857 0.301334 0.077523 0.304076 -0.032665 0.336741
1165.629028 0.379764 0.301268 0.078496 0.307613 -0.032862 0.340474
1166.739990 0.380694 0.301221 0.079473 0.311269 -0.033070 0.344339
1167.851074 0.381635 0.301159 0.080476 0.315044 -0.033268 0.348311
1168.962036 0.382578 0.301101 0.081476 0.318853 -0.033474 0.352327
1170.072998 0.383510 0.301053 0.082457 0.322642 -0.033672 0.356313
1171.184082 0.384416 0.300999 0.083418 0.326368 -0.033854 0.360222
1172.295044 0.385289 0.300949 0.084341 0.329999 -0.034035 0.364034
1173.406006 0.386122 0.300887 0.085235 0.333534 -0.034205 0.367739
1174.517090 0.386939 0.300844 0.086095 0.336959 -0.034358 0.371317
1175.628052 0.387708 0.300790 0.086918 0.340262 -0.034507 0.374769
1176.739014 0.388446 0.300749 0.087697 0.343438 -0.034652 0.378089
1177.850098 0.389150 0.300701 0.088449 0.346498 -0.034779 0.381277
1178.961060 0.389818 0.300670 0.089148 0.349425 -0.034895 0.384320
1180.072021 0.390448 0.300631 0.089817 0.352199 -0.035012 0.387211
1181.182983 0.391036 0.300588 0.090448 0.354830 -0.035125 0.389955
1182.294067 0.391591 0.300548 0.091043 0.357322 -0.035214 0.392535
1183.405029 0.392113 0.300528 0.091585 0.359639 -0.035292 0.394931
1184.515991 0.392593 0.300511 0.092082 0.361774 -0.035367 0.397141
1185.627075 0.393025 0.300494 0.092531 0.363710 -0.035428 0.399138
1186.738037 0.393405 0.300466 0.092939 0.365439 -0.035463 0.400902
1187.848999 0.393731 0.300450 0.093281 0.366901 -0.035488 0.402390
1188.960083 0.393987 0.300426 0.093561 0.368118 -0.035496 0.403614
1190.071045 0.394187 0.300417 0.093771 0.369081 -0.035521 0.404601
1191.182007 0.394334 0.300398 0.093936 0.369888 -0.035516 0.405405
1192.293091 0.394466 0.300387 0.094079 0.370581 -0.035519 0.406100
1193.404053 0.394582 0.300379 0.094204 0.371201 -0.035526 0.406727
1194.515015 0.394696 0.300375 0.094320 0.371765 -0.035529 0.407295
1195.625977 0.394794 0.300375 0.094420 0.372278 -0.035540 0.407819
1196.737061 0.394876 0.300361 0.094515 0.372769 -0.035533 0.408302
1197.848022 0.394965 0.300365 0.094600 0.373222 -0.035534 0.408756
1198.958984 0.395051 0.300368 0.094683 0.373658 -0.035532 0.409190
1200.070068 0.395130 0.300375 0.094755 0.374062 -0.035540 0.409603
1201.181030 0.395205 0.300377 0.094828 0.374446 -0.035547 0.409992
1202.291992 0.395275 0.300385 0.094889 0.374817 -0.035533 0.410351
1203.403076 0.395344 0.300404 0.094940 0.375164 -0.035529 0.410693
1204.514038 0.395408 0.300420 0.094988 0.375494 -0.035537 0.411031
1205.625000 0.395459 0.300419 0.095040 0.375818 -0.035538 0.411356
1206.736084 0.395632 0.300587 0.095045 0.376351 -0.035536 0.411887
1207.847046 0.395803 0.300757 0.095046 0.376858 -0.035535 0.412393
1208.958008 0.395964 0.300927 0.095037 0.377341 -0.035534 0.412875
1210.069092 0.396129 0.301109 0.095019 0.377809 -0.035538 0.413347
1211.180054 0.396294 0.301280 0.095013 0.378260 -0.035548 0.413808
1212.291016 0.396451 0.301452 0.094999 0.378702 -0.035542 0.414244
1213.401978 0.396621 0.301634 0.094986 0.379121 -0.035552 0.414673
1214.513062 0.396773 0.301801 0.094972 0.379526 -0.035552 0.415079
1215.624023 0.396920 0.301973 0.094947 0.379914 -0.035554 0.415468
1271.174072 0.397066 0.302150 0.094916 0.380297 -0.035548 0.415846
1272.285034 0.397210 0.302323 0.094888 0.380659 -0.035555 0.416214
1273.395996 0.397355 0.302506 0.094849 0.381012 -0.035570 0.416582
1274.507080 0.397496 0.302690 0.094805 0.381361 -0.035564 0.416925
1275.618042 0.397627 0.302859 0.094769 0.381688 -0.035569 0.417256
1276.729004 0.397748 0.303018 0.094730 0.382001 -0.035566 0.417567
1277.840088 0.397877 0.303195 0.094682 0.382312 -0.035570 0.417882
1278.951050 0.397998 0.303365 0.094633 0.382609 -0.035590 0.418200
1280.062012 0.398127 0.303536 0.094591 0.382903 -0.035601 0.418504
1281.172974 0.398243 0.303693 0.094550 0.383186 -0.035596 0.418782
1282.284058 0.398362 0.303862 0.094500 0.383466 -0.035592 0.419058
1283.395020 0.398360 0.303869 0.094492 0.383513 -0.035587 0.419101
1284.505981 0.398354 0.303871 0.094483 0.383560 -0.035582 0.419142
1285.617065 0.398349 0.303879 0.094470 0.383596 -0.035587 0.419183
1286.728027 0.398340 0.303876 0.094464 0.383638 -0.035583 0.419220
1287.838989 0.398329 0.303870 0.094459 0.383684 -0.035579 0.419263
1288.950073 0.398319 0.303864 0.094455 0.383738 -0.035574 0.419312
1290.061035 0.398304 0.303859 0.094446 0.383774 -0.035583 0.419357
1291.171997 0.398285 0.303845 0.094440 0.383813 -0.035584 0.419397
1292.283081 0.398270 0.303840 0.094431 0.383857 -0.035579 0.419435
1293.394043 0.398252 0.303827 0.094425 0.383895 -0.035588 0.419483
1294.505005 0.398233 0.303815 0.094418 0.383934 -0.035586 0.419520
1295.616089 0.398211 0.303800 0.094411 0.383970 -0.035579 0.419549
1296.727051 0.398178 0.303768 0.094410 0.384008 -0.035582 0.419590
1297.838013 0.398156 0.303757 0.094398 0.384044 -0.035584 0.419628
1298.948975 0.398133 0.303740 0.094393 0.384092 -0.035578 0.419670
1300.060059 0.398095 0.303700 0.094395 0.384132 -0.035576 0.419708
1301.171021 0.398064 0.303668 0.094396 0.384169 -0.035570 0.419738
1302.281982 0.398024 0.303620 0.094404 0.384201 -0.035567 0.419769
1303.393066 0.397994 0.303599 0.094395 0.384240 -0.035565 0.419806
1304.504028 0.397963 0.303569 0.094394 0.384263 -0.035573 0.419835
1305.614990 0.397921 0.303521 0.094400 0.384282 -0.035583 0.419865
1306.726074 0.397877 0.303468 0.094409 0.384317 -0.035581 0.419898
1307.837036 0.397834 0.303415 0.094419 0.384348 -0.035579 0.419927
1308.947998 0.397783 0.303359 0.094425 0.384378 -0.035583 0.419960
1310.059082 0.397729 0.303307 0.094421 0.384419 -0.035576 0.419995
1311.170044 0.397673 0.303254 0.094419 0.384447 -0.035577 0.420024
1312.281006 0.397616 0.303189 0.094428 0.384482 -0.035568 0.420050
1313.392090 0.397561 0.303133 0.094429 0.384513 -0.035565 0.420078
1314.503052 0.397495 0.303052 0.094443 0.384537 -0.035578 0.420115
1315.614014 0.397422 0.302974 0.094449 0.384568 -0.035575 0.420143
1316.724976 0.397360 0.302898 0.094461 0.384603 -0.035569 0.420172
1317.836060 0.397294 0.302825 0.094470 0.384622 -0.035581 0.420203
1318.947021 0.397233 0.302757 0.094476 0.384648 -0.035584 0.420232
1320.057983 0.397161 0.302668 0.094493 0.384686 -0.035578 0.420264
1321.169067 0.397091 0.302586 0.094505 0.384718 -0.035576 0.420293
1322.280029 0.397025 0.302510 0.094515 0.384742 -0.035582 0.420323
1323.390991 0.396953 0.302429 0.094525 0.384772 -0.035588 0.420360
1324.502075 0.396885 0.302358 0.094527 0.384811 -0.035579 0.420390
1325.613037 0.396812 0.302274 0.094538 0.384848 -0.035574 0.420422
1326.723999 0.396728 0.302179 0.094549 0.384884 -0.035574 0.420458
1327.835083 0.396642 0.302085 0.094558 0.384921 -0.035574 0.420495
1328.946045 0.396561 0.301995 0.094567 0.384946 -0.035583 0.420529
1330.057007 0.396474 0.301903 0.094571 0.384984 -0.035585 0.420569
1331.167969 0.396389 0.301808 0.094581 0.385022 -0.035576 0.420598
1332.279053 0.396316 0.301728 0.094587 0.385044 -0.035586 0.420630
1333.390015 0.396235 0.301633 0.094602 0.385084 -0.035571 0.420655
1334.500977 0.396152 0.301542 0.094610 0.385122 -0.035581 0.420703
1335.612061 0.396067 0.301452 0.094616 0.385164 -0.035586 0.420750
1336.723022 0.395981 0.301366 0.094615 0.385214 -0.035571 0.420785
1337.833984 0.395884 0.301259 0.094625 0.385258 -0.035575 0.420833
1338.945068 0.395785 0.301150 0.094635 0.385310 -0.035586 0.420896
1340.056030 0.395683 0.301031 0.094652 0.385376 -0.035557 0.420933
1341.166992 0.395571 0.300902 0.094669 0.385442 -0.035558 0.421000
1342.278076 0.395458 0.300777 0.094681 0.385503 -0.035547 0.421050
1343.389038 0.395334 0.300645 0.094689 0.385576 -0.035524 0.421100
1344.500000 0.395194 0.300493 0.094700 0.385659 -0.035473 0.421132
1345.611084 0.395049 0.300340 0.094710 0.385745 -0.035481 0.421226
1346.722046 0.394913 0.300189 0.094724 0.385834 -0.035448 0.421282
1347.833008 0.394764 0.300020 0.094744 0.385916 -0.035417 0.421333
1348.943970 0.394624 0.299875 0.094750 0.386024 -0.035404 0.421428
1350.055054 0.394484 0.299731 0.094753 0.386140 -0.035394 0.421534
1351.166016 0.394319 0.299556 0.094763 0.386267 -0.035354 0.421621
1352.276978 0.394141 0.299369 0.094772 0.386353 -0.035453 0.421806
1353.388062 0.393999 0.299215 0.094784 0.386449 -0.035435 0.421885
1354.499023 0.393849 0.299054 0.094795 0.386544 -0.035377 0.421921
1355.609985 0.393697 0.298894 0.094804 0.386623 -0.035462 0.422086
1356.721069 0.393560 0.298743 0.094817 0.386715 -0.035352 0.422067
1357.832031 0.393416 0.298580 0.094836 0.386785 -0.035367 0.422151
1358.942993 0.393284 0.298430 0.094855 0.386848 -0.035405 0.422253
1360.054077 0.393183 0.298316 0.094867 0.386901 -0.035377 0.422278
1361.165039 0.393069 0.298192 0.094877 0.386947 -0.035375 0.422322
1362.276001 0.392968 0.298087 0.094881 0.386955 -0.035442 0.422397
1363.387085 0.392888 0.297996 0.094892 0.386947 -0.035435 0.422382
1364.498047 0.392814 0.297918 0.094897 0.386921 -0.035446 0.422368
1365.609009 0.392755 0.297847 0.094907 0.386889 -0.035455 0.422344
1366.719971 0.392707 0.297790 0.094917 0.386845 -0.035513 0.422358
1367.831055 0.392673 0.297752 0.094921 0.386788 -0.035511 0.422299
1368.942017 0.392614 0.297689 0.094925 0.386739 -0.035539 0.422278
1370.052979 0.392558 0.297639 0.094920 0.386701 -0.035609 0.422310
1371.164063 0.392493 0.297562 0.094931 0.386648 -0.035617 0.422265
1372.275024 0.392415 0.297478 0.094937 0.386615 -0.035622 0.422236
1373.385986 0.392370 0.297430 0.094940 0.386540 -0.035711 0.422252
1374.497070 0.392352 0.297406 0.094946 0.386525 -0.035569 0.422094
1375.608032 0.392314 0.297367 0.094947 0.386477 -0.035630 0.422107
1376.718994 0.392287 0.297324 0.094963 0.386438 -0.035665 0.422104
1377.830078 0.392257 0.297283 0.094974 0.386395 -0.035597 0.421992
1378.941040 0.392229 0.297257 0.094972 0.386331 -0.035730 0.422061
1380.052002 0.392234 0.297261 0.094973 0.386297 -0.035716 0.422014
1381.163086 0.392217 0.297244 0.094973 0.386262 -0.035647 0.421909
1382.274048 0.392178 0.297214 0.094964 0.386224 -0.035710 0.421935
1383.385010 0.392152 0.297190 0.094962 0.386210 -0.035713 0.421923
1384.495972 0.392071 0.297111 0.094959 0.386274 -0.035566 0.421840
1385.607056 0.391992 0.297044 0.094948 0.386324 -0.035606 0.421931
1386.718018 0.391974 0.297017 0.094957 0.386349 -0.035672 0.422021
1387.828979 0.391966 0.297012 0.094954 0.386367 -0.035705 0.422072
1388.940063 0.391943 0.296996 0.094947 0.386431 -0.035627 0.422058
1390.051025 0.391880 0.296935 0.094946 0.386520 -0.035598 0.422118
1391.161987 0.391847 0.296909 0.094938 0.386575 -0.035673 0.422248
1392.273071 0.391862 0.296915 0.094947 0.386599 -0.035669 0.422267
1393.384033 0.391883 0.296943 0.094940 0.386642 -0.035607 0.422249
1394.494995 0.391913 0.296985 0.094929 0.386665 -0.035627 0.422292
1395.606079 0.391945 0.297026 0.094920 0.386708 -0.035583 0.422291
1396.717041 0.391962 0.297051 0.094911 0.386737 -0.035627 0.422364
1397.828003 0.391979 0.297075 0.094904 0.386786 -0.035593 0.422379
1398.939087 0.391994 0.297114 0.094880 0.386830 -0.035601 0.422431
1400.050049 0.392016 0.297156 0.094860 0.386854 -0.035680 0.422533
1401.161011 0.392045 0.297195 0.094849 0.386898 -0.035646 0.422544
1402.271973 0.392065 0.297230 0.094835 0.386928 -0.035673 0.422601
1403.383057 0.392101 0.297285 0.094816 0.386989 -0.035695 0.422684
1404.494019 0.392132 0.297324 0.094809 0.387033 -0.035724 0.422758
1405.604980 0.392180 0.297391 0.094790 0.387031 -0.035787 0.422818
1406.716064 0.392294 0.297512 0.094782 0.387009 -0.035902 0.422911
1407.827026 0.392396 0.297623 0.094773 0.387039 -0.035870 0.422908
1408.937988 0.392423 0.297677 0.094746 0.387088 -0.035843 0.422932
1410.049072 0.392450 0.297727 0.094723 0.387102 -0.035895 0.422997
1411.160034 0.392515 0.297813 0.094702 0.387099 -0.035997 0.423096
1412.270996 0.392622 0.297938 0.094684 0.387115 -0.036008 0.423122
1413.382080 0.392703 0.298039 0.094664 0.387136 -0.035975 0.423111
1414.493042 0.392755 0.298118 0.094637 0.387171 -0.035998 0.423170
1415.604004 0.392830 0.298205 0.094625 0.387182 -0.036088 0.423269
1416.714966 0.392914 0.298300 0.094614 0.387196 -0.036093 0.423288
1417.826050 0.392991 0.298397 0.094594 0.387218 -0.036118 0.423335
1418.937012 0.393068 0.298495 0.094573 0.387222 -0.036165 0.423388
1420.047974 0.393156 0.298598 0.094559 0.387249 -0.036174 0.423423
1421.159058 0.393232 0.298687 0.094545 0.387270 -0.036203 0.423473
1422.270020 0.393310 0.298780 0.094530 0.387321 -0.036172 0.423494
1423.380981 0.393382 0.298877 0.094505 0.387370 -0.036199 0.423569
1424.492065 0.393436 0.298953 0.094484 0.387416 -0.036204 0.423620
1425.603027 0.393511 0.299045 0.094466 0.387437 -0.036254 0.423691
1426.713989 0.393598 0.299145 0.094453 0.387489 -0.036207 0.423696
1427.825073 0.393665 0.299228 0.094438 0.387569 -0.036177 0.423747
1428.936035 0.393721 0.299308 0.094413 0.387616 -0.036205 0.423821
1430.046997 0.393784 0.299386 0.094397 0.387646 -0.036228 0.423874
1431.158081 0.393866 0.299483 0.094383 0.387695 -0.036213 0.423909
1432.269043 0.393939 0.299571 0.094368 0.387781 -0.036191 0.423972
1433.380005 0.394007 0.299653 0.094354 0.387837 -0.036199 0.424035
1434.490967 0.394067 0.299731 0.094336 0.387866 -0.036228 0.424094
1435.602051 0.394129 0.299816 0.094313 0.387905 -0.036248 0.424154
1436.713013 0.394204 0.299906 0.094298 0.387952 -0.036248 0.424200
1437.823975 0.394270 0.299991 0.094279 0.387987 -0.036261 0.424248
1438.935059 0.394347 0.300090 0.094257 0.388032 -0.036259 0.424291
1440.046021 0.394410 0.300170 0.094240 0.388090 -0.036250 0.424340
1441.156982 0.394483 0.300257 0.094226 0.388147 -0.036250 0.424397
1442.268066 0.394554 0.300359 0.094195 0.388181 -0.036276 0.424457
1443.379028 0.394629 0.300450 0.094178 0.388212 -0.036302 0.424514
1444.489990 0.394717 0.300560 0.094157 0.388252 -0.036291 0.424543
1445.601074 0.394793 0.300652 0.094142 0.388287 -0.036313 0.424600
1446.712036 0.394882 0.300766 0.094116 0.388325 -0.036323 0.424648
1447.822998 0.394964 0.300868 0.094095 0.388353 -0.036343 0.424695
1448.934082 0.395046 0.300983 0.094063 0.388383 -0.036360 0.424743
1450.045044 0.395121 0.301079 0.094042 0.388421 -0.036354 0.424775
1451.156006 0.395203 0.301178 0.094025 0.388454 -0.036359 0.424813
1452.266968 0.395286 0.301291 0.093995 0.388481 -0.036364 0.424845
1453.378052 0.395361 0.301396 0.093964 0.388514 -0.036386 0.424900
1454.489014 0.395447 0.301502 0.093944 0.388556 -0.036376 0.424931
1455.599976 0.395514 0.301589 0.093926 0.388599 -0.036377 0.424975
1456.711060 0.395586 0.301680 0.093906 0.388635 -0.036392 0.425028
1457.822021 0.395681 0.301800 0.093881 0.388679 -0.036379 0.425058
1458.932983 0.395755 0.301907 0.093848 0.388726 -0.036359 0.425085
1460.044067 0.395815 0.301994 0.093821 0.388783 -0.036367 0.425151
1461.155029 0.395872 0.302079 0.093794 0.388824 -0.036392 0.425217
1462.265991 0.395941 0.302178 0.093763 0.388856 -0.036414 0.425270
1463.377075 0.396011 0.302280 0.093731 0.388891 -0.036414 0.425305
1464.488037 0.396081 0.302376 0.093706 0.388931 -0.036414 0.425346
1465.598999 0.396155 0.302480 0.093675 0.388979 -0.036411 0.425389
1466.710083 0.396223 0.302578 0.093646 0.389016 -0.036415 0.425431
1467.821045 0.396283 0.302663 0.093620 0.389060 -0.036410 0.425470
1468.932007 0.396348 0.302747 0.093601 0.389106 -0.036399 0.425505
1470.042969 0.396407 0.302839 0.093569 0.389159 -0.036382 0.425541
1471.154053 0.396462 0.302916 0.093546 0.389210 -0.036385 0.425595
1472.265015 0.396535 0.303016 0.093519 0.389240 -0.036397 0.425637
1473.375977 0.396598 0.303108 0.093490 0.389282 -0.036390 0.425673
1474.487061 0.396653 0.303193 0.093461 0.389320 -0.036407 0.425728
1475.598022 0.396715 0.303280 0.093435 0.389360 -0.036398 0.425758
1476.708984 0.396771 0.303369 0.093402 0.389397 -0.036406 0.425803
1477.820068 0.396834 0.303460 0.093374 0.389433 -0.036406 0.425839
1478.931030 0.396909 0.303570 0.093339 0.389466 -0.036407 0.425873
1480.041992 0.396965 0.303647 0.093317 0.389496 -0.036414 0.425910
1481.153076 0.397023 0.303733 0.093290 0.389527 -0.036425 0.425952
1482.264038 0.397096 0.303830 0.093266 0.389558 -0.036426 0.425984
1483.375000 0.397165 0.303917 0.093247 0.389584 -0.036424 0.426008
1484.485962 0.397238 0.304013 0.093224 0.389614 -0.036418 0.426032
1485.597046 0.397302 0.304104 0.093197 0.389652 -0.036413 0.426064
1486.708008 0.397361 0.304184 0.093178 0.389685 -0.036413 0.426098
1487.818970 0.397414 0.304260 0.093154 0.389716 -0.036420 0.426136
1488.930054 0.397469 0.304336 0.093134 0.389749 -0.036420 0.426169
1490.041016 0.397527 0.304424 0.093103 0.389783 -0.036411 0.426194
1491.151978 0.397581 0.304506 0.093075 0.389811 -0.036423 0.426233
1492.263062 0.397645 0.304588 0.093057 0.389839 -0.036434 0.426273
1493.374023 0.397709 0.304678 0.093031 0.389860 -0.036435 0.426295
1494.484985 0.397753 0.304750 0.093003 0.389907 -0.036425 0.426332
1495.596069 0.397811 0.304827 0.092984 0.389938 -0.036426 0.426365
1496.707031 0.397863 0.304899 0.092964 0.389975 -0.036415 0.426390
1497.817993 0.397920 0.304978 0.092942 0.390007 -0.036425 0.426432
1498.929077 0.397974 0.305062 0.092913 0.390029 -0.036428 0.426457
1500.040039 0.398025 0.305138 0.092887 0.390062 -0.036429 0.426491
1501.151001 0.398060 0.305194 0.092866 0.390096 -0.036430 0.426527
1502.261963 0.398110 0.305265 0.092845 0.390133 -0.036429 0.426562
1503.373047 0.398155 0.305336 0.092819 0.390161 -0.036434 0.426595
1504.484009 0.398192 0.305402 0.092789 0.390191 -0.036432 0.426623
1505.594971 0.398230 0.305468 0.092761 0.390234 -0.036431 0.426665
1506.706055 0.398271 0.305533 0.092738 0.390271 -0.036425 0.426696
1507.817017 0.398315 0.305601 0.092713 0.390304 -0.036422 0.426726
1508.927979 0.398345 0.305652 0.092693 0.390331 -0.036425 0.426757
1510.039063 0.398389 0.305720 0.092669 0.390369 -0.036425 0.426794
1511.150024 0.398426 0.305779 0.092647 0.390407 -0.036423 0.426830
1512.260986 0.398459 0.305832 0.092627 0.390433 -0.036439 0.426873
1513.372070 0.398492 0.305891 0.092601 0.390469 -0.036433 0.426902
1514.483032 0.398510 0.305930 0.092580 0.390506 -0.036428 0.426934
1515.593994 0.398538 0.305975 0.092563 0.390553 -0.036420 0.426973
1516.705078 0.398565 0.306016 0.092549 0.390584 -0.036417 0.427001
1517.816040 0.398584 0.306062 0.092521 0.390617 -0.036416 0.427033
1518.927002 0.398608 0.306111 0.092497 0.390650 -0.036423 0.427073
1520.037964 0.398632 0.306160 0.092472 0.390678 -0.036424 0.427102
1521.149048 0.398656 0.306195 0.092461 0.390719 -0.036419 0.427138
1522.260010 0.398673 0.306234 0.092440 0.390751 -0.036410 0.427162
1523.370972 0.398696 0.306270 0.092426 0.390787 -0.036409 0.427195
1524.482056 0.398712 0.306299 0.092413 0.390815 -0.036407 0.427222
1525.593018 0.398736 0.306330 0.092406 0.390850 -0.036407 0.427257
1526.703979 0.398753 0.306370 0.092383 0.390881 -0.036404 0.427284
1527.815063 0.398769 0.306402 0.092367 0.390902 -0.036403 0.427305
1528.926025 0.398778 0.306423 0.092355 0.390929 -0.036416 0.427345
1530.036987 0.398783 0.306439 0.092344 0.390955 -0.036422 0.427377
1531.148071 0.398789 0.306467 0.092322 0.390996 -0.036418 0.427414
1532.259033 0.398789 0.306479 0.092310 0.391026 -0.036416 0.427442
1533.369995 0.398795 0.306502 0.092293 0.391058 -0.036412 0.427470
1534.481079 0.398799 0.306518 0.092281 0.391089 -0.036411 0.427500
1535.592041 0.398796 0.306519 0.092277 0.391122 -0.036409 0.427531
1536.703003 0.398800 0.306531 0.092268 0.391155 -0.036402 0.427557
1537.813965 0.398786 0.306532 0.092254 0.391178 -0.036407 0.427585
1538.925049 0.398795 0.306560 0.092235 0.391202 -0.036412 0.427614
1540.036011 0.398793 0.306571 0.092222 0.391238 -0.036413 0.427651
1541.146973 0.398793 0.306573 0.092220 0.391275 -0.036408 0.427684
1542.258057 0.398778 0.306558 0.092220 0.391302 -0.036412 0.427714
1543.369019 0.398764 0.306556 0.092208 0.391328 -0.036415 0.427742
1544.479980 0.398768 0.306566 0.092202 0.391354 -0.036416 0.427770
1545.591064 0.398759 0.306565 0.092193 0.391383 -0.036415 0.427798
1546.702026 0.398749 0.306569 0.092180 0.391417 -0.036418 0.427835
1547.812988 0.398734 0.306555 0.092179 0.391453 -0.036409 0.427862
1548.924072 0.398719 0.306538 0.092180 0.391485 -0.036415 0.427899
1550.035034 0.398703 0.306523 0.092181 0.391520 -0.036416 0.427937
1551.145996 0.398683 0.306509 0.092174 0.391553 -0.036411 0.427964
1552.256958 0.398672 0.306505 0.092167 0.391589 -0.036408 0.427997
1553.368042 0.398655 0.306490 0.092165 0.391615 -0.036402 0.428018
1554.479004 0.398642 0.306488 0.092154 0.391650 -0.036392 0.428042
1555.589966 0.398621 0.306469 0.092152 0.391680 -0.036393 0.428073
1556.701050 0.398602 0.306450 0.092152 0.391715 -0.036378 0.428093
1557.812012 0.398579 0.306425 0.092154 0.391742 -0.036387 0.428129
1558.922974 0.398550 0.306405 0.092145 0.391770 -0.036394 0.428165
1560.034058 0.398527 0.306391 0.092135 0.391812 -0.036393 0.428205
1561.145020 0.398488 0.306345 0.092143 0.391847 -0.036393 0.428240
1562.255981 0.398456 0.306309 0.092147 0.391872 -0.036399 0.428271
1563.367065 0.398414 0.306270 0.092144 0.391898 -0.036401 0.428299
1564.478027 0.398381 0.306239 0.092142 0.391938 -0.036397 0.428335
1565.588989 0.398344 0.306205 0.092139 0.391975 -0.036394 0.428370
1566.700073 0.398300 0.306166 0.092134 0.392015 -0.036391 0.428406
1567.811035 0.398256 0.306122 0.092133 0.392051 -0.036394 0.428446
1568.921997 0.398212 0.306072 0.092139 0.392082 -0.036398 0.428480
1570.032959 0.398163 0.306032 0.092131 0.392112 -0.036409 0.428521
1571.144043 0.398120 0.305993 0.092127 0.392146 -0.036407 0.428553
1572.255005 0.398067 0.305946 0.092121 0.392174 -0.036408 0.428582
1573.365967 0.398023 0.305904 0.092118 0.392201 -0.036409 0.428610
1574.477051 0.397966 0.305850 0.092116 0.392231 -0.036419 0.428650
1575.588013 0.397911 0.305785 0.092126 0.392267 -0.036424 0.428691
1576.698975 0.397843 0.305708 0.092135 0.392297 -0.036427 0.428724
1577.810059 0.397775 0.305635 0.092140 0.392331 -0.036427 0.428758
1578.921021 0.397718 0.305574 0.092143 0.392365 -0.036437 0.428802
1580.031982 0.397655 0.305512 0.092143 0.392397 -0.036431 0.428829
1581.143066 0.397588 0.305430 0.092158 0.392429 -0.036431 0.428859
1582.254028 0.397530 0.305361 0.092169 0.392452 -0.036426 0.428878
1583.364990 0.397469 0.305303 0.092166 0.392486 -0.036420 0.428906
1584.476074 0.397398 0.305227 0.092172 0.392522 -0.036416 0.428938
1585.587036 0.397337 0.305159 0.092178 0.392552 -0.036419 0.428971
1586.697998 0.397269 0.305086 0.092182 0.392587 -0.036413 0.429000
1587.808960 0.397190 0.305002 0.092189 0.392614 -0.036420 0.429034
1588.920044 0.397107 0.304909 0.092198 0.392645 -0.036426 0.429071
1590.031006 0.397024 0.304817 0.092207 0.392672 -0.036418 0.429090
1591.141968 0.396933 0.304723 0.092210 0.392708 -0.036403 0.429111
1592.253052 0.396845 0.304623 0.092222 0.392733 -0.036400 0.429132
1593.364014 0.396756 0.304520 0.092236 0.392763 -0.036399 0.429162
1594.474976 0.396672 0.304427 0.092244 0.392798 -0.036391 0.429189
1595.586060 0.396581 0.304324 0.092257 0.392837 -0.036384 0.429221
1596.697021 0.396498 0.304221 0.092277 0.392864 -0.036378 0.429242
1597.807983 0.396403 0.304122 0.092281 0.392898 -0.036374 0.429272
1598.919067 0.396311 0.304019 0.092292 0.392926 -0.036372 0.429298
1600.030029 0.396222 0.303919 0.092303 0.392958 -0.036360 0.429319
1601.140991 0.396124 0.303807 0.092317 0.392986 -0.036354 0.429340
1602.252075 0.396032 0.303708 0.092324 0.393019 -0.036347 0.429366
1603.363037 0.395938 0.303609 0.092329 0.393047 -0.036350 0.429397
1604.473999 0.395833 0.303495 0.092338 0.393078 -0.036358 0.429436
1605.584961 0.395729 0.303371 0.092358 0.393111 -0.036358 0.429469
1606.696045 0.395623 0.303247 0.092376 0.393148 -0.036352 0.429500
1607.807007 0.395513 0.303135 0.092378 0.393175 -0.036348 0.429524
1608.917969 0.395401 0.303016 0.092386 0.393206 -0.036346 0.429551
1610.029053 0.395296 0.302892 0.092404 0.393235 -0.036345 0.429581
1611.140015 0.395193 0.302780 0.092413 0.393265 -0.036340 0.429606
1612.250977 0.395091 0.302674 0.092417 0.393295 -0.036346 0.429641
1613.362061 0.394989 0.302556 0.092433 0.393326 -0.036338 0.429664
1614.473022 0.394887 0.302449 0.092438 0.393365 -0.036335 0.429700
1615.583984 0.394780 0.302334 0.092446 0.393400 -0.036330 0.429730
1616.695068 0.394666 0.302206 0.092460 0.393435 -0.036324 0.429759
1617.806030 0.394559 0.302085 0.092474 0.393465 -0.036326 0.429790
1618.916992 0.394442 0.301960 0.092482 0.393505 -0.036320 0.429825
1620.027954 0.394333 0.301834 0.092498 0.393534 -0.036319 0.429853
1621.139038 0.394219 0.301708 0.092511 0.393567 -0.036321 0.429888
1622.250000 0.394112 0.301584 0.092528 0.393597 -0.036333 0.429930
1623.360962 0.393995 0.301462 0.092533 0.393637 -0.036326 0.429963
1624.472046 0.393872 0.301331 0.092541 0.393678 -0.036325 0.430003
1625.583008 0.393759 0.301210 0.092550 0.393718 -0.036306 0.430024
1626.693970 0.393641 0.301074 0.092567 0.393751 -0.036290 0.430041
1627.805054 0.393525 0.300947 0.092578 0.393783 -0.036284 0.430066
1628.916016 0.393408 0.300827 0.092581 0.393813 -0.036281 0.430094
1630.026978 0.393293 0.300690 0.092603 0.393862 -0.036271 0.430133
1631.138062 0.393184 0.300563 0.092621 0.393890 -0.036267 0.430157
1632.249023 0.393074 0.300448 0.092626 0.393925 -0.036252 0.430177
1633.359985 0.392957 0.300311 0.092647 0.393962 -0.036246 0.430208
1634.471069 0.392845 0.300178 0.092667 0.394005 -0.036225 0.430230
1635.582031 0.392729 0.300048 0.092680 0.394048 -0.036217 0.430265
1636.692993 0.392616 0.299914 0.092702 0.394085 -0.036205 0.430290
1637.803955 0.392505 0.299791 0.092714 0.394131 -0.036186 0.430316
1638.915039 0.392399 0.299678 0.092721 0.394164 -0.036175 0.430338
1640.026001 0.392276 0.299546 0.092730 0.394204 -0.036152 0.430356
1641.136963 0.392174 0.299436 0.092738 0.394245 -0.036121 0.430366
1642.248047 0.392068 0.299329 0.092739 0.394285 -0.036108 0.430394
1643.359009 0.391955 0.299211 0.092743 0.394336 -0.036074 0.430410
1644.469971 0.391846 0.299100 0.092745 0.394380 -0.036040 0.430420
1645.581055 0.391740 0.298985 0.092755 0.394410 -0.036015 0.430425
1646.692017 0.391648 0.298879 0.092769 0.394453 -0.035981 0.430434
1647.802979 0.391552 0.298771 0.092781 0.394494 -0.035955 0.430449
1648.914063 0.391468 0.298692 0.092776 0.394539 -0.035917 0.430456
1650.025024 0.391378 0.298601 0.092777 0.394582 -0.035867 0.430449
1651.135986 0.391303 0.298517 0.092786 0.394626 -0.035817 0.430443
1652.247070 0.391226 0.298438 0.092788 0.394661 -0.035773 0.430434
1653.358032 0.391149 0.298354 0.092795 0.394700 -0.035721 0.430421
1654.468994 0.391057 0.298258 0.092799 0.394748 -0.035663 0.430411
1655.579956 0.390978 0.298182 0.092796 0.394790 -0.035595 0.430386
1656.691040 0.390907 0.298112 0.092795 0.394843 -0.035533 0.430376
1657.802002 0.390841 0.298052 0.092789 0.394884 -0.035456 0.430340
1658.912964 0.390778 0.297999 0.092779 0.394932 -0.035375 0.430307
1660.024048 0.390710 0.297932 0.092778 0.394980 -0.035289 0.430270
1661.135010 0.390652 0.297869 0.092783 0.395035 -0.035205 0.430241
1662.245972 0.390613 0.297835 0.092779 0.395086 -0.035120 0.430206
1663.357056 0.390551 0.297773 0.092778 0.395129 -0.035030 0.430159
1664.468018 0.390509 0.297727 0.092781 0.395184 -0.034914 0.430098
1665.578979 0.390476 0.297700 0.092776 0.395225 -0.034817 0.430042
1666.690063 0.390433 0.297668 0.092765 0.395280 -0.034702 0.429982
1667.801025 0.390407 0.297646 0.092762 0.395340 -0.034589 0.429929
1668.911987 0.390379 0.297633 0.092746 0.395401 -0.034464 0.429865
1670.023071 0.390347 0.297617 0.092730 0.395466 -0.034332 0.429798
1671.134033 0.390321 0.297597 0.092724 0.395538 -0.034203 0.429741
1672.244995 0.390308 0.297594 0.092714 0.395605 -0.034070 0.429675
1673.355957 0.390278 0.297584 0.092694 0.395686 -0.033921 0.429607
1674.467041 0.390258 0.297582 0.092677 0.395758 -0.033767 0.429525
1675.578003 0.390238 0.297583 0.092656 0.395840 -0.033607 0.429447
1676.688965 0.390247 0.297606 0.092641 0.395917 -0.033448 0.429366
1677.800049 0.390255 0.297632 0.092622 0.395994 -0.033289 0.429283
1678.911011 0.390252 0.297653 0.092599 0.396060 -0.033126 0.429185
1680.021973 0.390256 0.297680 0.092576 0.396137 -0.032957 0.429094
1681.133057 0.390269 0.297718 0.092551 0.396207 -0.032779 0.428986
1682.244019 0.390290 0.297767 0.092523 0.396274 -0.032595 0.428869
1683.354980 0.390306 0.297811 0.092495 0.396355 -0.032393 0.428748
1684.466064 0.390323 0.297854 0.092469 0.396438 -0.032183 0.428621
1685.577026 0.390360 0.297928 0.092433 0.396531 -0.031964 0.428495
1686.687988 0.390391 0.297987 0.092404 0.396615 -0.031746 0.428361
1687.798950 0.390434 0.298061 0.092373 0.396714 -0.031507 0.428221
1688.910034 0.390487 0.298148 0.092339 0.396794 -0.031268 0.428061
1690.020996 0.390537 0.298233 0.092304 0.396892 -0.031021 0.427913
1691.131958 0.390597 0.298326 0.092271 0.396969 -0.030768 0.427736
1692.243042 0.390673 0.298441 0.092232 0.397051 -0.030499 0.427550
1693.354004 0.390748 0.298559 0.092190 0.397139 -0.030209 0.427348
1694.464966 0.390834 0.298695 0.092140 0.397232 -0.029913 0.427145
1695.576050 0.390939 0.298839 0.092100 0.397309 -0.029611 0.426920
1696.687012 0.391046 0.298997 0.092049 0.397403 -0.029282 0.426685
1697.797974 0.391168 0.299163 0.092004 0.397505 -0.028942 0.426447
1698.909058 0.391288 0.299322 0.091965 0.397601 -0.028577 0.426178
1700.020020 0.391422 0.299503 0.091918 0.397706 -0.028210 0.425916
1701.130981 0.391567 0.299706 0.091861 0.397808 -0.027815 0.425623
1702.242065 0.391718 0.299899 0.091819 0.397917 -0.027398 0.425316
1703.353027 0.391860 0.300080 0.091780 0.398047 -0.026958 0.425004
1704.463989 0.392013 0.300279 0.091733 0.398170 -0.026496 0.424667
1705.574951 0.392173 0.300491 0.091682 0.398292 -0.026008 0.424300
1706.686035 0.392345 0.300706 0.091639 0.398417 -0.025491 0.423908
1707.796997 0.392508 0.300912 0.091597 0.398538 -0.024943 0.423481
1708.907959 0.392671 0.301133 0.091538 0.398670 -0.024344 0.423014
1710.019043 0.392837 0.301356 0.091482 0.398804 -0.023705 0.422509
1711.130005 0.393005 0.301568 0.091437 0.398949 -0.023025 0.421974
1712.240967 0.393167 0.301792 0.091375 0.399086 -0.022259 0.421345
1713.352051 0.393333 0.302006 0.091327 0.399237 -0.021442 0.420679
1714.463013 0.393482 0.302205 0.091277 0.399390 -0.020562 0.419952
1715.573975 0.393633 0.302407 0.091226 0.399546 -0.019751 0.419298
1716.685059 0.393760 0.302574 0.091185 0.399714 -0.019077 0.418791
1717.796021 0.393890 0.302752 0.091137 0.399885 -0.018553 0.418438
1718.906982 0.394002 0.302907 0.091096 0.400061 -0.018202 0.418263
1720.018066 0.394104 0.303058 0.091046 0.400231 -0.018033 0.418264
1721.129028 0.394203 0.303204 0.090999 0.400429 -0.018057 0.418486
1722.239990 0.394276 0.303321 0.090955 0.400633 -0.018282 0.418915
1723.350952 0.394360 0.303427 0.090932 0.400762 -0.018738 0.419500
1724.462036 0.394441 0.303556 0.090885 0.400807 -0.019320 0.420126
1725.572998 0.394535 0.303686 0.090849 0.400830 -0.019949 0.420779
1726.683960 0.394610 0.303789 0.090820 0.400857 -0.020609 0.421467
1727.795044 0.394684 0.303903 0.090781 0.400866 -0.021316 0.422182
1728.906006 0.394744 0.304010 0.090734 0.400865 -0.022063 0.422928
1730.016968 0.394803 0.304100 0.090703 0.400868 -0.022855 0.423723
1731.128052 0.394853 0.304185 0.090668 0.400861 -0.023726 0.424588
1732.239014 0.394901 0.304260 0.090641 0.400839 -0.024660 0.425499
1733.349976 0.394944 0.304329 0.090615 0.400811 -0.025650 0.426461
1734.461060 0.394985 0.304384 0.090601 0.400764 -0.026734 0.427498
1735.572021 0.395017 0.304437 0.090580 0.400710 -0.027875 0.428585
1736.682983 0.395047 0.304496 0.090551 0.400658 -0.029120 0.429778
1737.794067 0.395087 0.304567 0.090520 0.400591 -0.030312 0.430903
1738.905029 0.395130 0.304621 0.090510 0.400501 -0.031395 0.431896
1740.015991 0.395158 0.304664 0.090494 0.400417 -0.032342 0.432759
1741.126953 0.395204 0.304731 0.090473 0.400311 -0.033156 0.433466
1742.238037 0.395260 0.304794 0.090466 0.400206 -0.033797 0.434003
1743.348999 0.395296 0.304847 0.090450 0.400062 -0.034299 0.434360
1744.459961 0.395349 0.304918 0.090431 0.399891 -0.034615 0.434506
1745.571045 0.395392 0.304984 0.090408 0.399800 -0.034718 0.434518
1746.682007 0.395434 0.305050 0.090385 0.399807 -0.034734 0.434541
1747.792969 0.395478 0.305093 0.090385 0.399829 -0.034715 0.434544
1748.904053 0.395532 0.305154 0.090378 0.399811 -0.034713 0.434524
1750.015015 0.395582 0.305169 0.090413 0.399820 -0.034739 0.434559
1751.125977 0.395608 0.305206 0.090402 0.399833 -0.034729 0.434563
1752.237061 0.395664 0.305278 0.090386 0.399828 -0.034759 0.434586
1753.348022 0.395701 0.305331 0.090370 0.399821 -0.034761 0.434582
1754.458984 0.395731 0.305353 0.090378 0.399817 -0.034782 0.434599
1755.570068 0.395768 0.305367 0.090401 0.399826 -0.034753 0.434578
1756.681030 0.395792 0.305385 0.090407 0.399845 -0.034775 0.434619
1757.791992 0.395824 0.305401 0.090423 0.399838 -0.034786 0.434624
1758.902954 0.395860 0.305414 0.090446 0.399870 -0.034764 0.434634
1760.014038 0.395906 0.305468 0.090438 0.399853 -0.034799 0.434652
1761.125000 0.395953 0.305492 0.090461 0.399886 -0.034796 0.434682
1762.235962 0.396001 0.305500 0.090500 0.399912 -0.034773 0.434684
1763.347046 0.396035 0.305579 0.090456 0.399952 -0.034774 0.434726
1764.458008 0.396060 0.305634 0.090426 0.399954 -0.034790 0.434745
1765.568970 0.396104 0.305671 0.090433 0.400000 -0.034774 0.434774
1766.680054 0.396127 0.305749 0.090378 0.400035 -0.034730 0.434765
1767.791016 0.396148 0.305788 0.090361 0.400050 -0.034758 0.434807
1768.901978 0.396138 0.305779 0.090359 0.400096 -0.034766 0.434861
1770.013062 0.396081 0.305757 0.090324 0.400084 -0.034823 0.434907
1771.124023 0.396077 0.305800 0.090277 0.400134 -0.034845 0.434979
1772.234985 0.396063 0.305742 0.090320 0.400156 -0.034831 0.434987
1773.345947 0.396040 0.305661 0.090380 0.400179 -0.034834 0.435014
1774.457031 0.396044 0.305618 0.090426 0.400194 -0.034818 0.435012
1775.567993 0.396051 0.305617 0.090434 0.400183 -0.034857 0.435040
1776.678955 0.396066 0.305673 0.090394 0.400221 -0.034827 0.435049
1777.790039 0.396058 0.305766 0.090292 0.400276 -0.034889 0.435165
1778.901001 0.396030 0.305861 0.090169 0.400317 -0.034813 0.435130
1780.011963 0.395940 0.305756 0.090184 0.400381 -0.034860 0.435241
1781.123047 0.395994 0.305946 0.090047 0.400402 -0.034910 0.435312
1782.234009 0.395968 0.305900 0.090068 0.400417 -0.034958 0.435374
1783.344971 0.395932 0.305948 0.089984 0.400416 -0.034996 0.435412
1784.456055 0.395882 0.305892 0.089990 0.400424 -0.035078 0.435502
1785.567017 0.395862 0.305841 0.090021 0.400382 -0.035142 0.435525
1786.677979 0.395866 0.305852 0.090013 0.400453 -0.035103 0.435557
1787.789063 0.395817 0.305867 0.089950 0.400396 -0.035117 0.435513
1788.900024 0.395790 0.305603 0.090187 0.400474 -0.035086 0.435560
1790.010986 0.395769 0.305497 0.090272 0.400599 -0.035081 0.435680
1791.121948 0.395774 0.305489 0.090286 0.400575 -0.035093 0.435668
1792.233032 0.395816 0.305513 0.090303 0.400598 -0.035074 0.435673
1793.343994 0.395798 0.305453 0.090344 0.400601 -0.035081 0.435681
1794.454956 0.395786 0.305543 0.090243 0.400615 -0.035094 0.435709
1795.566040 0.395813 0.305643 0.090170 0.400625 -0.035137 0.435762
1796.677002 0.395766 0.305665 0.090100 0.400664 -0.035168 0.435832
1797.787964 0.395744 0.305653 0.090092 0.400749 -0.035131 0.435880
1798.899048 0.395708 0.305589 0.090119 0.400764 -0.035170 0.435934
1800.010010 0.395686 0.305455 0.090231 0.400735 -0.035141 0.435876
