1800.010010 0.541047 -0.011923 0.552969
1798.899048 0.541080 -0.011839 0.552919
1797.787964 0.541121 -0.011765 0.552887
1796.677002 0.541053 -0.011766 0.552819
1795.566040 0.541026 -0.011754 0.552780
1794.454956 0.540998 -0.011799 0.552797
1793.343994 0.540985 -0.011822 0.552807
1792.233032 0.541002 -0.011791 0.552793
1791.121948 0.540970 -0.011757 0.552727
1790.010986 0.540958 -0.011788 0.552746
1788.900024 0.540862 -0.011838 0.552700
1787.789063 0.540842 -0.011760 0.552602
1786.677979 0.540785 -0.011733 0.552519
1785.567017 0.540694 -0.011712 0.552405
1784.456055 0.540714 -0.011701 0.552414
1783.344971 0.540752 -0.011645 0.552397
1782.234009 0.540705 -0.011666 0.552371
1781.123047 0.540695 -0.011652 0.552347
1780.011963 0.540739 -0.011601 0.552340
1778.901001 0.540708 -0.011597 0.552306
1777.790039 0.540681 -0.011666 0.552347
1776.678955 0.540648 -0.011669 0.552317
1775.567993 0.540600 -0.011711 0.552310
1774.457031 0.540660 -0.011683 0.552343
1773.345947 0.540675 -0.011680 0.552354
1772.234985 0.540679 -0.011600 0.552278
1771.124023 0.540681 -0.011572 0.552253
1770.013062 0.540652 -0.011577 0.552229
1768.901978 0.540677 -0.011599 0.552276
1767.791016 0.540688 -0.011551 0.552239
1766.680054 0.540725 -0.011507 0.552232
1765.568970 0.540733 -0.011513 0.552246
1764.458008 0.540761 -0.011536 0.552297
1763.347046 0.540842 -0.011472 0.552314
1762.235962 0.540850 -0.011428 0.552278
1761.125000 0.540881 -0.011406 0.552287
1760.014038 0.540912 -0.011384 0.552296
1758.902954 0.540963 -0.011395 0.552357
1757.791992 0.540968 -0.011428 0.552397
1756.681030 0.541018 -0.011413 0.552431
1755.570068 0.541051 -0.011408 0.552459
1754.458984 0.541083 -0.011451 0.552534
1753.348022 0.541129 -0.011446 0.552575
1752.237061 0.541139 -0.011460 0.552600
1751.125977 0.541173 -0.011464 0.552637
1750.015015 0.541214 -0.011505 0.552719
1748.904053 0.541261 -0.011502 0.552763
1747.792969 0.541312 -0.011500 0.552811
1746.682007 0.541347 -0.011502 0.552849
1745.571045 0.541400 -0.011499 0.552899
1744.459961 0.541552 -0.011349 0.552901
1743.348999 0.541793 -0.010951 0.552744
1742.238037 0.542016 -0.010322 0.552338
1741.126953 0.542193 -0.009522 0.551714
1740.015991 0.542363 -0.008516 0.550879
1738.905029 0.542493 -0.007351 0.549844
1737.794067 0.542631 -0.006004 0.548635
1736.682983 0.542744 -0.004481 0.547225
1735.572021 0.542828 -0.002900 0.545727
1734.461060 0.542909 -0.001409 0.544319
1733.349976 0.542959 -0.000046 0.543005
1732.239014 0.543002 0.001243 0.541758
1731.128052 0.543037 0.002454 0.540582
1730.016968 0.543051 0.003580 0.539471
1728.906006 0.543050 0.004633 0.538418
1727.795044 0.543055 0.005626 0.537430
1726.683960 0.543026 0.006556 0.536470
1725.572998 0.542985 0.007407 0.535578
1724.462036 0.542956 0.008233 0.534723
1723.350952 0.542886 0.009008 0.533877
1722.239990 0.542706 0.009598 0.533109
1721.129028 0.542436 0.009913 0.532523
1720.018066 0.542168 0.009959 0.532209
1718.906982 0.541938 0.009765 0.532173
1717.796021 0.541715 0.009344 0.532371
1716.685059 0.541520 0.008738 0.532782
1715.573975 0.541327 0.007918 0.533409
1714.463013 0.541143 0.006908 0.534236
1713.352051 0.540987 0.005815 0.535172
1712.240967 0.540829 0.004769 0.536061
1711.130005 0.540703 0.003827 0.536876
1710.019043 0.540574 0.002972 0.537602
1708.907959 0.540439 0.002150 0.538288
1707.796997 0.540329 0.001398 0.538931
1706.686035 0.540227 0.000697 0.539530
1705.574951 0.540121 0.000049 0.540072
1704.463989 0.540039 -0.000564 0.540603
1703.353027 0.539954 -0.001134 0.541087
1702.242065 0.539880 -0.001663 0.541543
1701.130981 0.539818 -0.002187 0.542005
1700.020020 0.539762 -0.002681 0.542443
1698.909058 0.539701 -0.003152 0.542853
1697.797974 0.539648 -0.003603 0.543251
1696.687012 0.539588 -0.004025 0.543613
1695.576050 0.539535 -0.004444 0.543979
1694.464966 0.539488 -0.004840 0.544328
1693.354004 0.539417 -0.005232 0.544650
1692.243042 0.539369 -0.005577 0.544946
1691.131958 0.539306 -0.005930 0.545236
1690.020996 0.539249 -0.006257 0.545506
1688.910034 0.539175 -0.006571 0.545746
1687.798950 0.539109 -0.006881 0.545990
1686.687988 0.539033 -0.007160 0.546192
1685.577026 0.538948 -0.007451 0.546399
1684.466064 0.538862 -0.007725 0.546587
1683.354980 0.538780 -0.007989 0.546769
1682.244019 0.538703 -0.008239 0.546942
1681.133057 0.538645 -0.008470 0.547115
1680.021973 0.538561 -0.008706 0.547267
1678.911011 0.538474 -0.008930 0.547404
1677.800049 0.538407 -0.009144 0.547551
1676.688965 0.538325 -0.009338 0.547663
1675.578003 0.538250 -0.009528 0.547779
1674.467041 0.538154 -0.009732 0.547886
1673.355957 0.538081 -0.009909 0.547989
1672.244995 0.537999 -0.010091 0.548090
1671.134033 0.537933 -0.010256 0.548188
1670.023071 0.537844 -0.010435 0.548279
1668.911987 0.537776 -0.010597 0.548373
1667.801025 0.537706 -0.010753 0.548460
1666.690063 0.537636 -0.010911 0.548547
1665.578979 0.537572 -0.011052 0.548624
1664.468018 0.537520 -0.011204 0.548725
1663.357056 0.537463 -0.011335 0.548797
1662.245972 0.537412 -0.011453 0.548865
1661.135010 0.537356 -0.011571 0.548927
1660.024048 0.537283 -0.011693 0.548976
1658.912964 0.537221 -0.011812 0.549033
1657.802002 0.537160 -0.011929 0.549089
1656.691040 0.537104 -0.012030 0.549135
1655.579956 0.537032 -0.012117 0.549150
1654.468994 0.536973 -0.012210 0.549184
1653.358032 0.536913 -0.012296 0.549209
1652.247070 0.536873 -0.012365 0.549238
1651.135986 0.536815 -0.012437 0.549252
1650.025024 0.536749 -0.012503 0.549252
1648.914063 0.536690 -0.012564 0.549253
1647.802979 0.536631 -0.012627 0.549258
1646.692017 0.536570 -0.012673 0.549243
1645.581055 0.536514 -0.012715 0.549228
1644.469971 0.536464 -0.012755 0.549220
1643.359009 0.536409 -0.012794 0.549203
1642.248047 0.536352 -0.012822 0.549174
1641.136963 0.536296 -0.012852 0.549148
1640.026001 0.536247 -0.012885 0.549132
1638.915039 0.536198 -0.012912 0.549110
1637.803955 0.536156 -0.012927 0.549083
1636.692993 0.536096 -0.012944 0.549041
1635.582031 0.536050 -0.012964 0.549014
1634.471069 0.536009 -0.012966 0.548975
1633.359985 0.535961 -0.012980 0.548941
1632.249023 0.535917 -0.012997 0.548914
1631.138062 0.535873 -0.013002 0.548874
1630.026978 0.535837 -0.013006 0.548842
1628.916016 0.535792 -0.013008 0.548800
1627.805054 0.535756 -0.013010 0.548766
1626.693970 0.535713 -0.013017 0.548730
1625.583008 0.535681 -0.013014 0.548695
1624.472046 0.535641 -0.013020 0.548661
1623.360962 0.535594 -0.013030 0.548624
1622.250000 0.535552 -0.013032 0.548584
1621.139038 0.535506 -0.013040 0.548545
1620.027954 0.535471 -0.013033 0.548504
1618.916992 0.535439 -0.013028 0.548467
1617.806030 0.535397 -0.013029 0.548426
1616.695068 0.535363 -0.013037 0.548400
1615.583984 0.535327 -0.013044 0.548371
1614.473022 0.535297 -0.013045 0.548342
1613.362061 0.535260 -0.013045 0.548304
1612.250977 0.535218 -0.013060 0.548278
1611.140015 0.535185 -0.013064 0.548249
1610.029053 0.535147 -0.013073 0.548220
1608.917969 0.535114 -0.013080 0.548193
1607.807007 0.535073 -0.013094 0.548167
1606.696045 0.535038 -0.013100 0.548138
1605.584961 0.534998 -0.013109 0.548107
1604.473999 0.534974 -0.013098 0.548073
1603.363037 0.534938 -0.013106 0.548043
1602.252075 0.534908 -0.013113 0.548021
1601.140991 0.534877 -0.013119 0.547997
1600.030029 0.534862 -0.013114 0.547976
1598.919067 0.534843 -0.013116 0.547959
1597.807983 0.534819 -0.013121 0.547940
1596.697021 0.534798 -0.013125 0.547923
1595.586060 0.534778 -0.013125 0.547903
1594.474976 0.534750 -0.013118 0.547869
1593.364014 0.534729 -0.013115 0.547844
1592.253052 0.534707 -0.013113 0.547820
1591.141968 0.534687 -0.013106 0.547793
1590.031006 0.534667 -0.013110 0.547777
1588.920044 0.534653 -0.013107 0.547760
1587.808960 0.534638 -0.013100 0.547738
1586.697998 0.534620 -0.013102 0.547722
1585.587036 0.534613 -0.013093 0.547706
1584.476074 0.534600 -0.013095 0.547695
1583.364990 0.534584 -0.013094 0.547678
1582.254028 0.534567 -0.013097 0.547664
1581.143066 0.534564 -0.013087 0.547651
1580.031982 0.534548 -0.013087 0.547635
1578.921021 0.534535 -0.013083 0.547618
1577.810059 0.534503 -0.013096 0.547599
1576.698975 0.534489 -0.013092 0.547581
1575.588013 0.534470 -0.013098 0.547568
1574.477051 0.534453 -0.013105 0.547558
1573.365967 0.534441 -0.013101 0.547542
1572.255005 0.534436 -0.013108 0.547544
1571.144043 0.534425 -0.013113 0.547538
1570.032959 0.534410 -0.013117 0.547527
1568.921997 0.534400 -0.013125 0.547525
1567.811035 0.534398 -0.013113 0.547511
1566.700073 0.534381 -0.013113 0.547494
1565.588989 0.534367 -0.013113 0.547479
1564.478027 0.534362 -0.013104 0.547466
1563.367065 0.534347 -0.013103 0.547450
1562.255981 0.534333 -0.013105 0.547437
1561.145020 0.534326 -0.013103 0.547429
1560.034058 0.534312 -0.013101 0.547413
1558.922974 0.534295 -0.013103 0.547398
1557.812012 0.534287 -0.013094 0.547381
1556.701050 0.534280 -0.013092 0.547372
1555.589966 0.534277 -0.013082 0.547359
1554.479004 0.534264 -0.013082 0.547347
1553.368042 0.534251 -0.013081 0.547332
1552.256958 0.534234 -0.013083 0.547317
1551.145996 0.534221 -0.013087 0.547308
1550.035034 0.534196 -0.013092 0.547287
1548.924072 0.534176 -0.013092 0.547267
1547.812988 0.534151 -0.013101 0.547252
1546.702026 0.534132 -0.013096 0.547228
1545.591064 0.534108 -0.013103 0.547211
1544.479980 0.534092 -0.013104 0.547196
1543.369019 0.534070 -0.013106 0.547176
1542.258057 0.534049 -0.013110 0.547159
1541.146973 0.534024 -0.013111 0.547136
1540.036011 0.534004 -0.013116 0.547120
1538.925049 0.533980 -0.013115 0.547095
1537.813965 0.533957 -0.013118 0.547075
1536.703003 0.533929 -0.013114 0.547043
1535.592041 0.533908 -0.013115 0.547023
1534.481079 0.533884 -0.013114 0.546998
1533.369995 0.533863 -0.013112 0.546975
1532.259033 0.533838 -0.013110 0.546948
1531.148071 0.533813 -0.013114 0.546928
1530.036987 0.533786 -0.013110 0.546896
1528.926025 0.533756 -0.013119 0.546875
1527.815063 0.533733 -0.013114 0.546847
1526.703979 0.533711 -0.013110 0.546821
1525.593018 0.533695 -0.013104 0.546799
1524.482056 0.533663 -0.013101 0.546764
1523.370972 0.533633 -0.013098 0.546731
1522.260010 0.533597 -0.013100 0.546697
1521.149048 0.533572 -0.013098 0.546671
1520.037964 0.533536 -0.013100 0.546635
1518.927002 0.533505 -0.013105 0.546610
1517.816040 0.533471 -0.013094 0.546566
1516.705078 0.533439 -0.013089 0.546528
1515.593994 0.533409 -0.013087 0.546496
1514.483032 0.533372 -0.013093 0.546465
1513.372070 0.533335 -0.013096 0.546430
1512.260986 0.533296 -0.013093 0.546389
1511.150024 0.533257 -0.013096 0.546353
1510.039063 0.533213 -0.013106 0.546319
1508.927979 0.533179 -0.013096 0.546275
1507.817017 0.533144 -0.013097 0.546241
1506.706055 0.533110 -0.013085 0.546196
1505.594971 0.533075 -0.013079 0.546154
1504.484009 0.533037 -0.013074 0.546112
1503.373047 0.532998 -0.013081 0.546079
1502.261963 0.532967 -0.013079 0.546046
1501.151001 0.532933 -0.013073 0.546006
1500.040039 0.532898 -0.013072 0.545970
1498.929077 0.532860 -0.013074 0.545934
1497.817993 0.532827 -0.013073 0.545900
1496.707031 0.532794 -0.013064 0.545857
1495.596069 0.532758 -0.013069 0.545827
1494.484985 0.532726 -0.013071 0.545797
1493.374023 0.532693 -0.013068 0.545761
1492.263062 0.532669 -0.013072 0.545741
1491.151978 0.532639 -0.013066 0.545704
1490.041016 0.532615 -0.013052 0.545667
1488.930054 0.532589 -0.013052 0.545641
1487.818970 0.532566 -0.013040 0.545606
1486.708008 0.532535 -0.013044 0.545579
1485.597046 0.532505 -0.013032 0.545538
1484.485962 0.532480 -0.013033 0.545514
1483.375000 0.532464 -0.013031 0.545494
1482.264038 0.532445 -0.013039 0.545483
1481.153076 0.532430 -0.013027 0.545456
1480.041992 0.532410 -0.013013 0.545423
1478.931030 0.532395 -0.013005 0.545400
1477.820068 0.532378 -0.013006 0.545384
1476.708984 0.532360 -0.013007 0.545367
1475.598022 0.532339 -0.012997 0.545336
1474.487061 0.532321 -0.012991 0.545312
1473.375977 0.532305 -0.012970 0.545275
1472.265015 0.532283 -0.012976 0.545259
1471.154053 0.532267 -0.012970 0.545237
1470.042969 0.532245 -0.012959 0.545205
1468.932007 0.532229 -0.012956 0.545184
1467.821045 0.532210 -0.012968 0.545178
1466.710083 0.532193 -0.012975 0.545168
1465.598999 0.532189 -0.012967 0.545156
1464.488037 0.532182 -0.012966 0.545148
1463.377075 0.532185 -0.012970 0.545154
1462.265991 0.532177 -0.012991 0.545168
1461.155029 0.532179 -0.012978 0.545157
1460.044067 0.532175 -0.012948 0.545123
1458.932983 0.532162 -0.012937 0.545099
1457.822021 0.532160 -0.012963 0.545123
1456.711060 0.532155 -0.012984 0.545139
1455.599976 0.532169 -0.012953 0.545122
1454.489014 0.532177 -0.012943 0.545120
1453.378052 0.532186 -0.012961 0.545147
1452.266968 0.532210 -0.012947 0.545157
1451.156006 0.532234 -0.012948 0.545183
1450.045044 0.532263 -0.012931 0.545194
1448.934082 0.532279 -0.012939 0.545218
1447.822998 0.532299 -0.012935 0.545234
1446.712036 0.532324 -0.012946 0.545271
1445.601074 0.532344 -0.012937 0.545281
1444.489990 0.532378 -0.012908 0.545287
1443.379028 0.532395 -0.012938 0.545333
1442.268066 0.532425 -0.012911 0.545337
1441.156982 0.532457 -0.012891 0.545348
1440.046021 0.532472 -0.012880 0.545351
1438.935059 0.532489 -0.012887 0.545376
1437.823975 0.532511 -0.012899 0.545410
1436.713013 0.532541 -0.012894 0.545434
1435.602051 0.532565 -0.012889 0.545454
1434.490967 0.532603 -0.012877 0.545479
1433.380005 0.532652 -0.012861 0.545514
1432.269043 0.532676 -0.012855 0.545531
1431.158081 0.532664 -0.012879 0.545543
1430.046997 0.532691 -0.012890 0.545581
1428.936035 0.532751 -0.012873 0.545623
1427.825073 0.532783 -0.012867 0.545650
1426.713989 0.532778 -0.012916 0.545694
1425.603027 0.532806 -0.012967 0.545773
1424.492065 0.532867 -0.012915 0.545782
1423.380981 0.532916 -0.012927 0.545843
1422.270020 0.532954 -0.012910 0.545864
1421.159058 0.532990 -0.012958 0.545948
1420.047974 0.533052 -0.012952 0.546004
1418.937012 0.533121 -0.012956 0.546077
1417.826050 0.533217 -0.012903 0.546120
1416.714966 0.533280 -0.012893 0.546173
1415.604004 0.533363 -0.012918 0.546281
1414.493042 0.533457 -0.012823 0.546280
1413.382080 0.533514 -0.012817 0.546331
1412.270996 0.533579 -0.012866 0.546444
1411.160034 0.533649 -0.012864 0.546513
1410.049072 0.533739 -0.012800 0.546539
1408.937988 0.533819 -0.012766 0.546585
1407.827026 0.533859 -0.012807 0.546666
1406.716064 0.533907 -0.012852 0.546759
1405.604980 0.534022 -0.012718 0.546740
1404.494019 0.534124 -0.012662 0.546785
1403.383057 0.534179 -0.012647 0.546826
1402.271973 0.534214 -0.012632 0.546846
1401.161011 0.534246 -0.012647 0.546893
1400.050049 0.534278 -0.012696 0.546975
1398.939087 0.534328 -0.012612 0.546940
1397.828003 0.534357 -0.012600 0.546957
1396.717041 0.534368 -0.012658 0.547025
1395.606079 0.534394 -0.012621 0.547015
1394.494995 0.534406 -0.012686 0.547092
1393.384033 0.534434 -0.012652 0.547086
1392.273071 0.534437 -0.012742 0.547178
1391.161987 0.534465 -0.012757 0.547222
1390.051025 0.534481 -0.012660 0.547141
1388.940063 0.534446 -0.012688 0.547134
1387.828979 0.534434 -0.012743 0.547177
1386.718018 0.534461 -0.012713 0.547174
1385.607056 0.534483 -0.012657 0.547140
1384.495972 0.534483 -0.012612 0.547094
1383.385010 0.534457 -0.012788 0.547244
1382.274048 0.534504 -0.012805 0.547309
1381.163086 0.534578 -0.012744 0.547322
1380.052002 0.534661 -0.012819 0.547480
1378.941040 0.534746 -0.012823 0.547569
1377.830078 0.534871 -0.012672 0.547543
1376.718994 0.534969 -0.012767 0.547735
1375.608032 0.535056 -0.012733 0.547789
1374.497070 0.535158 -0.012658 0.547815
1373.385986 0.535198 -0.012867 0.548065
1372.275024 0.535318 -0.012770 0.548089
1371.164063 0.535405 -0.012773 0.548178
1370.052979 0.535505 -0.012773 0.548279
1368.942017 0.535584 -0.012693 0.548277
1367.831055 0.535670 -0.012672 0.548342
1366.719971 0.535762 -0.012683 0.548445
1365.609009 0.535839 -0.012631 0.548470
1364.498047 0.535923 -0.012613 0.548537
1363.387085 0.535989 -0.012616 0.548605
1362.276001 0.536032 -0.012649 0.548682
1361.165039 0.536057 -0.012584 0.548641
1360.054077 0.536052 -0.012574 0.548626
1358.942993 0.536027 -0.012607 0.548635
1357.832031 0.535980 -0.012569 0.548548
1356.721069 0.535941 -0.012550 0.548492
1355.609985 0.535858 -0.012690 0.548548
1354.499023 0.535793 -0.012602 0.548395
1353.388062 0.535720 -0.012679 0.548400
1352.276978 0.535641 -0.012708 0.548350
1351.166016 0.535601 -0.012570 0.548172
1350.055054 0.535517 -0.012609 0.548126
1348.943970 0.535426 -0.012621 0.548047
1347.833008 0.535343 -0.012628 0.547972
1346.722046 0.535282 -0.012693 0.547975
1345.611084 0.535217 -0.012753 0.547970
1344.500000 0.535168 -0.012740 0.547908
1343.389038 0.535123 -0.012800 0.547924
1342.278076 0.535072 -0.012840 0.547912
1341.166992 0.535028 -0.012859 0.547887
1340.056030 0.534993 -0.012858 0.547851
1338.945068 0.534959 -0.012886 0.547846
1337.833984 0.534941 -0.012879 0.547820
1336.723022 0.534927 -0.012875 0.547802
1335.612061 0.534915 -0.012895 0.547810
1334.500977 0.534904 -0.012888 0.547792
1333.390015 0.534896 -0.012882 0.547778
1332.279053 0.534896 -0.012889 0.547785
1331.167969 0.534912 -0.012879 0.547791
1330.057007 0.534915 -0.012878 0.547793
1328.946045 0.534912 -0.012872 0.547785
1327.835083 0.534904 -0.012881 0.547785
1326.723999 0.534901 -0.012876 0.547777
1325.613037 0.534891 -0.012883 0.547773
1324.502075 0.534895 -0.012878 0.547772
1323.390991 0.534888 -0.012880 0.547768
1322.280029 0.534881 -0.012887 0.547768
1321.169067 0.534877 -0.012888 0.547765
1320.057983 0.534869 -0.012894 0.547763
1318.947021 0.534866 -0.012887 0.547754
1317.836060 0.534861 -0.012884 0.547745
1316.724976 0.534862 -0.012880 0.547743
1315.614014 0.534855 -0.012886 0.547740
1314.503052 0.534858 -0.012885 0.547742
1313.392090 0.534847 -0.012890 0.547737
1312.281006 0.534845 -0.012885 0.547730
1311.170044 0.534841 -0.012882 0.547723
1310.059082 0.534827 -0.012883 0.547710
1308.947998 0.534794 -0.012894 0.547688
1307.837036 0.534782 -0.012894 0.547676
1306.726074 0.534771 -0.012897 0.547668
1305.614990 0.534761 -0.012893 0.547654
1304.504028 0.534751 -0.012903 0.547655
1303.393066 0.534742 -0.012904 0.547646
1302.281982 0.534721 -0.012903 0.547624
1301.171021 0.534704 -0.012903 0.547607
1300.060059 0.534686 -0.012909 0.547595
1298.948975 0.534673 -0.012916 0.547589
1297.838013 0.534655 -0.012916 0.547572
1296.727051 0.534639 -0.012924 0.547563
1295.616089 0.534624 -0.012922 0.547546
1294.505005 0.534608 -0.012939 0.547547
1293.394043 0.534600 -0.012937 0.547537
1292.283081 0.534578 -0.012937 0.547515
1291.171997 0.534563 -0.012941 0.547504
1290.061035 0.534545 -0.012941 0.547486
1288.950073 0.534530 -0.012935 0.547465
1287.838989 0.534505 -0.012932 0.547437
1286.728027 0.534491 -0.012928 0.547420
1285.617065 0.534472 -0.012929 0.547401
1284.505981 0.534454 -0.012929 0.547383
1283.395020 0.534439 -0.012925 0.547364
1282.284058 0.534416 -0.012921 0.547338
1281.172974 0.534305 -0.012922 0.547227
1280.062012 0.534188 -0.012924 0.547112
1278.951050 0.534064 -0.012922 0.546986
1277.840088 0.533933 -0.012916 0.546849
1276.729004 0.533793 -0.012917 0.546710
1275.618042 0.533669 -0.012913 0.546581
1274.507080 0.533534 -0.012898 0.546432
1273.395996 0.533394 -0.012896 0.546290
1272.285034 0.533243 -0.012884 0.546127
1271.174072 0.533078 -0.012885 0.545963
1215.624023 0.532916 -0.012886 0.545802
1214.513062 0.532752 -0.012875 0.545627
1213.401978 0.532582 -0.012876 0.545459
1212.291016 0.532405 -0.012884 0.545289
1211.180054 0.532232 -0.012884 0.545117
1210.069092 0.532052 -0.012874 0.544926
1208.958008 0.531859 -0.012867 0.544726
1207.847046 0.531658 -0.012865 0.544523
1206.736084 0.531450 -0.012859 0.544308
1205.625000 0.531249 -0.012845 0.544094
1204.514038 0.531123 -0.012826 0.543949
1203.403076 0.530990 -0.012822 0.543812
1202.291992 0.530860 -0.012815 0.543675
1201.181030 0.530730 -0.012806 0.543536
1200.070068 0.530590 -0.012788 0.543378
1198.958984 0.530437 -0.012778 0.543215
1197.848022 0.530273 -0.012785 0.543058
1196.737061 0.530100 -0.012773 0.542873
1195.625977 0.529929 -0.012762 0.542691
1194.515015 0.529753 -0.012748 0.542501
1193.404053 0.529545 -0.012742 0.542286
1192.293091 0.529332 -0.012734 0.542066
1191.182007 0.529094 -0.012716 0.541810
1190.071045 0.528819 -0.012705 0.541524
1188.960083 0.528485 -0.012697 0.541182
1187.848999 0.528076 -0.012695 0.540772
1186.738037 0.527608 -0.012684 0.540293
1185.627075 0.527063 -0.012676 0.539739
1184.515991 0.526444 -0.012674 0.539118
1183.405029 0.525757 -0.012671 0.538427
1182.294067 0.525031 -0.012667 0.537697
1181.182983 0.524255 -0.012654 0.536909
1180.072021 0.523431 -0.012647 0.536078
1178.961060 0.522557 -0.012639 0.535196
1177.850098 0.521652 -0.012624 0.534276
1176.739014 0.520693 -0.012616 0.533309
1175.628052 0.519709 -0.012595 0.532303
1174.517090 0.518687 -0.012575 0.531262
1173.406006 0.517614 -0.012563 0.530177
1172.295044 0.516497 -0.012560 0.529057
1171.184082 0.515365 -0.012534 0.527899
1170.072998 0.514182 -0.012510 0.526692
1168.962036 0.512971 -0.012503 0.525474
1167.851074 0.511744 -0.012479 0.524223
1166.739990 0.510526 -0.012463 0.522989
1165.629028 0.509329 -0.012431 0.521760
1164.518066 0.508147 -0.012417 0.520563
1163.406982 0.506997 -0.012386 0.519383
1162.296021 0.505857 -0.012350 0.518207
1161.185059 0.504725 -0.012324 0.517049
1160.074097 0.503590 -0.012295 0.515885
1158.963013 0.502454 -0.012279 0.514733
1157.852051 0.501305 -0.012252 0.513557
1156.741089 0.500144 -0.012231 0.512375
1155.630005 0.498970 -0.012215 0.511185
1154.519043 0.497791 -0.012170 0.509961
1153.408081 0.496585 -0.012149 0.508735
1152.296997 0.495363 -0.012134 0.507497
1151.186035 0.494135 -0.012092 0.506227
1150.075073 0.492891 -0.012058 0.504949
1148.963989 0.491626 -0.012017 0.503643
1147.853027 0.490347 -0.011989 0.502336
1146.742065 0.489048 -0.011960 0.501008
1145.630981 0.487730 -0.011920 0.499651
1144.520020 0.486391 -0.011858 0.498249
1143.409058 0.485024 -0.011827 0.496851
1142.298096 0.483626 -0.011789 0.495415
1141.187012 0.482202 -0.011760 0.493962
1140.076050 0.480762 -0.011729 0.492491
1138.965088 0.479282 -0.011705 0.490986
1137.854004 0.477779 -0.011682 0.489461
1136.743042 0.476256 -0.011649 0.487905
1135.632080 0.474713 -0.011595 0.486308
1134.520996 0.473147 -0.011561 0.484707
1133.410034 0.471541 -0.011507 0.483048
1132.299072 0.469906 -0.011462 0.481368
1131.187988 0.468238 -0.011424 0.479662
1130.077026 0.466543 -0.011379 0.477922
1128.966064 0.464804 -0.011353 0.476156
1127.854980 0.463039 -0.011304 0.474343
1126.744019 0.461231 -0.011277 0.472508
1125.633057 0.459381 -0.011238 0.470620
1124.522095 0.457516 -0.011192 0.468708
1123.411011 0.455607 -0.011154 0.466762
1122.300049 0.453666 -0.011131 0.464796
1121.189087 0.451694 -0.011088 0.462782
1120.078003 0.449699 -0.011037 0.460736
1118.967041 0.447653 -0.010993 0.458646
1117.856079 0.445574 -0.010953 0.456527
1116.744995 0.443485 -0.010894 0.454380
1115.634033 0.441335 -0.010841 0.452176
1114.523071 0.439159 -0.010774 0.449933
1113.411987 0.436930 -0.010731 0.447662
1112.301025 0.434665 -0.010666 0.445331
1111.190063 0.432361 -0.010617 0.442978
1110.079102 0.430014 -0.010582 0.440596
1108.968018 0.427629 -0.010518 0.438147
1107.857056 0.425184 -0.010453 0.435637
1106.746094 0.422692 -0.010397 0.433089
1105.635010 0.420157 -0.010335 0.430492
1104.524048 0.417577 -0.010275 0.427852
1103.413086 0.414943 -0.010209 0.425152
1102.302002 0.412253 -0.010146 0.422398
1101.191040 0.409524 -0.010083 0.419607
1100.080078 0.406738 -0.010022 0.416760
1098.968994 0.403906 -0.009960 0.413865
1097.858032 0.401007 -0.009903 0.410910
1096.747070 0.398075 -0.009833 0.407908
1095.635986 0.395077 -0.009767 0.404844
1094.525024 0.392007 -0.009702 0.401710
1093.414063 0.388908 -0.009621 0.398529
1092.303101 0.385719 -0.009552 0.395271
1091.192017 0.382491 -0.009471 0.391962
1090.081055 0.379180 -0.009403 0.388582
1088.970093 0.375823 -0.009326 0.385150
1087.859009 0.372398 -0.009249 0.381647
1086.748047 0.368913 -0.009169 0.378083
1085.637085 0.365390 -0.009093 0.374482
1084.526001 0.361799 -0.009004 0.370804
1083.415039 0.358150 -0.008919 0.367069
1082.304077 0.354435 -0.008833 0.363267
1081.192993 0.350671 -0.008745 0.359416
1080.082031 0.346835 -0.008650 0.355485
1078.971069 0.342935 -0.008555 0.351491
1077.859985 0.338985 -0.008460 0.347445
1076.749023 0.334959 -0.008357 0.343316
1075.638062 0.330859 -0.008253 0.339112
1074.527100 0.326666 -0.008148 0.334814
1073.416016 0.322370 -0.008043 0.330413
1072.305054 0.317910 -0.007932 0.325842
1071.194092 0.313251 -0.007827 0.321078
1070.083008 0.308426 -0.007714 0.316140
1068.972046 0.303393 -0.007608 0.311001
1067.861084 0.298223 -0.007487 0.305710
1066.750000 0.292890 -0.007364 0.300254
1065.639038 0.287438 -0.007232 0.294671
1064.528076 0.281829 -0.007105 0.288935
1063.416992 0.276090 -0.006972 0.283062
1062.306030 0.270247 -0.006832 0.277079
1061.195068 0.264273 -0.006691 0.270964
1060.083984 0.258182 -0.006546 0.264728
1058.973022 0.251987 -0.006396 0.258382
1057.862061 0.245687 -0.006254 0.251941
1056.751099 0.239266 -0.006105 0.245371
1055.640015 0.232752 -0.005949 0.238701
1054.529053 0.226153 -0.005796 0.231948
1053.418091 0.219479 -0.005635 0.225114
1052.307007 0.212743 -0.005488 0.218230
1051.196045 0.205981 -0.005325 0.211306
1050.085083 0.199271 -0.005170 0.204441
1048.973999 0.192618 -0.005018 0.197636
1047.863037 0.186037 -0.004858 0.190894
1046.752075 0.179564 -0.004702 0.184266
1045.640991 0.173148 -0.004542 0.177690
1044.530029 0.166806 -0.004390 0.171195
1043.419067 0.160523 -0.004242 0.164765
1042.308105 0.154344 -0.004087 0.158431
1041.197021 0.148227 -0.003937 0.152164
1040.086060 0.142190 -0.003797 0.145987
1038.975098 0.136264 -0.003654 0.139917
1037.864014 0.130447 -0.003517 0.133964
1036.753052 0.124735 -0.003375 0.128110
1035.642090 0.119139 -0.003233 0.122372
1034.531006 0.113689 -0.003100 0.116789
1033.420044 0.108344 -0.002973 0.111317
1032.309082 0.103140 -0.002844 0.105984
1031.197998 0.098090 -0.002718 0.100808
1030.087036 0.093178 -0.002590 0.095768
1028.976074 0.088406 -0.002474 0.090880
1027.864990 0.083784 -0.002350 0.086135
1026.754028 0.079322 -0.002240 0.081562
1025.643066 0.075008 -0.002128 0.077136
1024.532104 0.070839 -0.002023 0.072862
1023.421021 0.066830 -0.001917 0.068747
1022.310059 0.062965 -0.001824 0.064789
1021.199036 0.059255 -0.001719 0.060974
1020.088074 0.055686 -0.001624 0.057310
1018.977051 0.052276 -0.001542 0.053818
1017.866028 0.049008 -0.001461 0.050470
1016.755066 0.045870 -0.001382 0.047252
1015.644043 0.042877 -0.001299 0.044176
1014.533020 0.040017 -0.001230 0.041248
1013.422058 0.037294 -0.001154 0.038448
1012.311035 0.034694 -0.001084 0.035778
1011.200073 0.032231 -0.001018 0.033249
1010.089050 0.029883 -0.000961 0.030844
1008.978027 0.027652 -0.000906 0.028559
1007.867065 0.025537 -0.000856 0.026393
1006.756042 0.023546 -0.000798 0.024344
1005.645020 0.021649 -0.000756 0.022405
1004.534058 0.019862 -0.000695 0.020557
1003.423035 0.018181 -0.000652 0.018833
1002.312073 0.016592 -0.000608 0.017199
1001.201050 0.015095 -0.000575 0.015671
1000.090027 0.013691 -0.000534 0.014225
998.979065 0.012367 -0.000512 0.012879
997.868042 0.011122 -0.000482 0.011605
996.757019 0.009957 -0.000445 0.010403
995.646057 0.008879 -0.000411 0.009290
994.535034 0.007857 -0.000382 0.008239
993.424072 0.006904 -0.000358 0.007262
992.313049 0.006019 -0.000332 0.006351
991.202026 0.005192 -0.000312 0.005504
990.091065 0.004421 -0.000288 0.004709
988.980041 0.003707 -0.000263 0.003970
987.869019 0.003039 -0.000246 0.003285
986.758057 0.002415 -0.000223 0.002638
985.647034 0.001845 -0.000201 0.002046
984.536072 0.001310 -0.000190 0.001500
983.425049 0.000814 -0.000173 0.000987
982.314026 0.000359 -0.000168 0.000526
981.203064 -0.000060 -0.000150 0.000090
980.092041 -0.000446 -0.000135 -0.000311
978.981018 -0.000808 -0.000129 -0.000679
977.870056 -0.001141 -0.000119 -0.001022
976.759033 -0.001443 -0.000103 -0.001339
975.648071 -0.001717 -0.000092 -0.001625
974.537048 -0.001975 -0.000079 -0.001897
973.426025 -0.002217 -0.000068 -0.002149
972.315063 -0.002425 -0.000053 -0.002372
971.204041 -0.002616 -0.000043 -0.002574
970.093079 -0.002797 -0.000035 -0.002762
968.982056 -0.002958 -0.000034 -0.002924
967.871033 -0.003102 -0.000028 -0.003075
966.760071 -0.003236 -0.000030 -0.003206
965.649048 -0.003359 -0.000018 -0.003341
964.538025 -0.003454 -0.000011 -0.003444
963.427063 -0.003555 -0.000009 -0.003546
962.316040 -0.003648 -0.000009 -0.003638
961.205078 -0.003718 -0.000001 -0.003716
960.094055 -0.003791 0.000006 -0.003797
958.983032 -0.003864 0.000002 -0.003865
957.872070 -0.003928 -0.000000 -0.003928
956.761047 -0.003972 0.000012 -0.003984
955.650024 -0.004013 0.000011 -0.004024
954.539063 -0.004058 0.000008 -0.004066
953.428040 -0.004095 0.000005 -0.004101
952.317078 -0.004119 0.000002 -0.004122
951.206055 -0.004138 0.000007 -0.004145
950.095032 -0.004163 -0.000007 -0.004156
948.984070 -0.004182 -0.000004 -0.004178
947.873047 -0.004200 -0.000006 -0.004194
946.762024 -0.004224 -0.000001 -0.004223
945.651062 -0.004237 -0.000002 -0.004236
944.540039 -0.004249 0.000008 -0.004257
943.429077 -0.004247 0.000006 -0.004252
942.318054 -0.004257 0.000001 -0.004258
941.207031 -0.004265 -0.000003 -0.004262
940.096069 -0.004265 0.000007 -0.004272
938.985046 -0.004272 0.000003 -0.004274
937.874023 -0.004275 0.000002 -0.004277
936.763062 -0.004280 0.000001 -0.004281
935.652039 -0.004286 -0.000005 -0.004281
934.541077 -0.004286 -0.000003 -0.004282
933.430054 -0.004292 -0.000005 -0.004287
932.319031 -0.004284 0.000003 -0.004287
931.208069 -0.004282 0.000005 -0.004287
930.097046 -0.004279 0.000004 -0.004283
928.986023 -0.004294 -0.000005 -0.004288
927.875061 -0.004285 0.000012 -0.004297
926.764038 -0.004289 0.000010 -0.004299
925.653076 -0.004284 0.000010 -0.004293
924.542053 -0.004281 0.000005 -0.004286
923.431030 -0.004281 -0.000002 -0.004278
922.320068 -0.004281 -0.000013 -0.004267
921.209045 -0.004290 -0.000024 -0.004266
920.098022 -0.004293 -0.000022 -0.004271
918.987060 -0.004283 -0.000012 -0.004271
917.876038 -0.004281 -0.000020 -0.004260
916.765076 -0.004278 -0.000020 -0.004259
915.654053 -0.004278 -0.000025 -0.004253
914.543030 -0.004267 -0.000017 -0.004250
913.432068 -0.004261 -0.000011 -0.004250
912.321045 -0.004260 -0.000013 -0.004247
911.210022 -0.004253 -0.000007 -0.004247
910.099060 -0.004255 -0.000015 -0.004240
908.988037 -0.004068 0.000079 -0.004147
907.877075 -0.003947 0.000181 -0.004128
906.766052 -0.003968 -0.000228 -0.003740
905.655029 -0.004087 -0.000082 -0.004006
904.544067 -0.003925 -0.000106 -0.003819
903.433044 -0.003952 -0.000370 -0.003582
902.322082 -0.003819 -0.000079 -0.003740
901.211060 -0.003884 -0.000157 -0.003727
900.100037 -0.003960 -0.000065 -0.003895
898.989075 -0.003954 -0.000286 -0.003668
897.878052 -0.003968 -0.000166 -0.003802
896.767029 -0.003960 -0.000139 -0.003821
895.656067 -0.004049 -0.000286 -0.003763
894.545044 -0.004117 -0.000435 -0.003681
893.434082 -0.004129 -0.000433 -0.003696
892.323059 -0.004310 -0.000481 -0.003828
891.212036 -0.004262 -0.000321 -0.003940
890.101074 -0.004175 -0.000384 -0.003791
888.990051 -0.004167 -0.000382 -0.003785
887.879028 -0.004291 -0.000390 -0.003902
886.768066 -0.004510 -0.000488 -0.004022
885.657043 -0.004607 -0.000724 -0.003883
884.546082 -0.004561 -0.000288 -0.004273
883.435059 -0.004466 -0.000426 -0.004040
882.324036 -0.004656 -0.000478 -0.004178
881.213074 -0.004634 -0.000346 -0.004289
880.102051 -0.004774 -0.000652 -0.004122
878.991028 -0.004717 -0.000534 -0.004183
877.880066 -0.004671 -0.000689 -0.003982
876.769043 -0.004709 -0.000477 -0.004232
875.658081 -0.004663 -0.000578 -0.004084
874.547058 -0.004688 -0.000621 -0.004067
873.436035 -0.004629 -0.000470 -0.004159
872.325073 -0.004554 -0.000331 -0.004223
871.214050 -0.004494 -0.000319 -0.004175
870.103027 -0.004312 -0.000263 -0.004049
868.992065 -0.004353 -0.000440 -0.003913
867.881043 -0.004455 -0.000396 -0.004059
866.770081 -0.004447 -0.000405 -0.004042
865.659058 -0.004307 -0.000386 -0.003921
864.548035 -0.004268 -0.000388 -0.003880
863.437073 -0.004292 -0.000255 -0.004036
862.326050 -0.004304 -0.000276 -0.004028
861.215027 -0.004273 -0.000283 -0.003990
860.104065 -0.004240 -0.000213 -0.004027
858.993042 -0.004250 -0.000091 -0.004159
857.882080 -0.004227 -0.000063 -0.004164
856.771057 -0.004200 -0.000101 -0.004099
855.660034 -0.004159 -0.000043 -0.004117
854.549072 -0.004112 -0.000031 -0.004081
853.438049 -0.004130 -0.000043 -0.004088
852.327026 -0.004113 -0.000025 -0.004088
851.216065 -0.004078 -0.000024 -0.004053
850.105041 -0.004082 -0.000016 -0.004066
848.994080 -0.004118 -0.000025 -0.004093
847.883057 -0.004104 -0.000023 -0.004081
846.772034 -0.004102 -0.000012 -0.004091
845.661072 -0.004089 0.000010 -0.004100
844.550049 -0.004096 0.000017 -0.004113
843.439026 -0.004097 0.000020 -0.004117
842.328064 -0.004086 0.000021 -0.004108
841.217041 -0.004079 0.000021 -0.004100
840.106079 -0.004077 0.000019 -0.004096
838.995056 -0.004080 0.000007 -0.004087
837.884033 -0.004070 0.000008 -0.004078
836.773071 -0.004053 0.000009 -0.004063
835.662048 -0.004048 0.000011 -0.004059
834.551025 -0.004048 0.000014 -0.004062
833.440063 -0.004048 0.000022 -0.004069
832.329041 -0.004051 0.000024 -0.004076
831.218079 -0.004061 0.000021 -0.004082
830.107056 -0.004059 0.000011 -0.004070
828.996033 -0.004050 0.000009 -0.004058
827.885071 -0.004046 0.000005 -0.004051
826.774048 -0.004039 0.000006 -0.004045
825.663086 -0.004046 -0.000002 -0.004044
824.552063 -0.004035 0.000006 -0.004042
823.441040 -0.004025 0.000001 -0.004025
822.330078 -0.004024 0.000001 -0.004026
821.219055 -0.004024 -0.000008 -0.004017
820.108032 -0.004028 -0.000005 -0.004022
818.997070 -0.004034 -0.000003 -0.004031
817.886047 -0.004030 -0.000000 -0.004029
816.775085 -0.004029 0.000007 -0.004036
815.664063 -0.004021 0.000010 -0.004030
814.553040 -0.004018 0.000016 -0.004034
813.442078 -0.004023 0.000011 -0.004034
812.331055 -0.004036 0.000008 -0.004043
811.220032 -0.004031 0.000008 -0.004039
810.109070 -0.004023 0.000011 -0.004034
808.998047 -0.004026 -0.000006 -0.004020
807.887085 -0.004019 0.000000 -0.004019
806.776062 -0.004012 0.000038 -0.004050
805.665039 -0.004003 0.000050 -0.004053
804.554077 -0.003996 0.000041 -0.004037
803.443054 -0.003980 0.000043 -0.004024
802.332031 -0.003981 0.000047 -0.004028
801.221069 -0.003982 0.000047 -0.004028
800.110046 -0.003982 0.000040 -0.004022
798.999084 -0.003983 0.000049 -0.004032
797.888000 -0.003989 0.000035 -0.004025
796.776978 -0.003967 0.000049 -0.004016
795.666016 -0.003970 0.000043 -0.004014
794.554993 -0.003968 0.000038 -0.004006
793.444031 -0.003969 0.000038 -0.004007
792.333008 -0.003965 0.000038 -0.004002
791.221985 -0.003963 0.000045 -0.004007
790.111023 -0.003956 0.000045 -0.004001
789.000000 -0.003958 0.000035 -0.003994
787.888977 -0.003959 0.000037 -0.003996
786.778015 -0.003952 0.000049 -0.004001
785.666992 -0.003948 0.000040 -0.003989
784.556030 -0.003946 0.000010 -0.003955
783.445007 -0.003934 0.000007 -0.003942
782.333984 -0.003946 0.000009 -0.003954
781.223022 -0.003968 -0.000013 -0.003955
780.112000 -0.003964 -0.000015 -0.003949
779.000977 -0.003961 -0.000013 -0.003948
777.890015 -0.003959 -0.000008 -0.003951
776.778992 -0.003966 -0.000022 -0.003944
775.668030 -0.003950 -0.000007 -0.003943
774.557007 -0.003959 -0.000017 -0.003942
773.445984 -0.003957 -0.000011 -0.003947
772.335022 -0.003951 -0.000020 -0.003931
771.223999 -0.003945 -0.000027 -0.003918
770.112976 -0.003932 -0.000026 -0.003906
769.002014 -0.003927 -0.000036 -0.003891
767.890991 -0.003923 -0.000039 -0.003884
766.780029 -0.003911 -0.000025 -0.003886
765.669006 -0.003901 -0.000020 -0.003881
764.557983 -0.003894 -0.000011 -0.003883
763.447022 -0.003902 -0.000013 -0.003889
762.335998 -0.003899 -0.000021 -0.003878
761.224976 -0.003904 -0.000017 -0.003887
760.114014 -0.003902 -0.000020 -0.003882
759.002991 -0.003882 -0.000006 -0.003876
757.892029 -0.003887 -0.000017 -0.003870
756.781006 -0.003876 -0.000020 -0.003856
755.669983 -0.003863 -0.000015 -0.003848
754.559021 -0.003854 -0.000013 -0.003841
753.447998 -0.003857 -0.000016 -0.003842
752.336975 -0.003853 -0.000019 -0.003834
751.226013 -0.003845 -0.000021 -0.003824
750.114990 -0.003844 -0.000018 -0.003826
749.004028 -0.003844 -0.000006 -0.003837
747.893005 -0.003839 -0.000005 -0.003834
746.781982 -0.003835 -0.000010 -0.003825
745.671021 -0.003835 -0.000013 -0.003822
744.559998 -0.003836 -0.000018 -0.003818
743.448975 -0.003829 -0.000017 -0.003812
742.338013 -0.003819 -0.000022 -0.003797
741.226990 -0.003806 -0.000012 -0.003794
740.116028 -0.003808 -0.000009 -0.003799
739.005005 -0.003805 -0.000011 -0.003794
737.893982 -0.003793 -0.000009 -0.003784
736.783020 -0.003798 -0.000014 -0.003784
735.671997 -0.003789 -0.000005 -0.003784
734.560974 -0.003789 0.000003 -0.003792
733.450012 -0.003784 -0.000002 -0.003782
732.338989 -0.003771 0.000003 -0.003774
731.228027 -0.003768 0.000010 -0.003778
730.117004 -0.003762 0.000012 -0.003775
729.005981 -0.003756 0.000013 -0.003769
727.895019 -0.003748 0.000020 -0.003768
726.783997 -0.003743 0.000017 -0.003760
725.673035 -0.003744 0.000020 -0.003764
724.562012 -0.003739 0.000018 -0.003757
723.450989 -0.003728 0.000019 -0.003747
722.340027 -0.003725 0.000025 -0.003751
721.229004 -0.003726 0.000024 -0.003750
720.117981 -0.003722 0.000016 -0.003738
719.007019 -0.003720 0.000011 -0.003731
717.895996 -0.003717 0.000015 -0.003731
716.785034 -0.003714 0.000012 -0.003727
715.674011 -0.003714 0.000013 -0.003727
714.562988 -0.003703 0.000019 -0.003722
713.452026 -0.003698 0.000018 -0.003717
712.341003 -0.003697 0.000013 -0.003710
711.229981 -0.003694 0.000011 -0.003705
710.119019 -0.003696 0.000007 -0.003702
709.007996 -0.003688 0.000003 -0.003691
707.897034 -0.003681 0.000001 -0.003683
706.786011 -0.003673 0.000002 -0.003675
705.674988 -0.003666 0.000001 -0.003667
704.564026 -0.003665 0.000001 -0.003666
703.453003 -0.003661 0.000003 -0.003664
702.341980 -0.003658 0.000004 -0.003662
701.231018 -0.003658 0.000008 -0.003666
700.119995 -0.003653 0.000003 -0.003656
699.009033 -0.003648 0.000002 -0.003650
697.898010 -0.003646 0.000003 -0.003649
696.786987 -0.003635 0.000004 -0.003639
695.676025 -0.003627 0.000004 -0.003631
694.565002 -0.003625 0.000004 -0.003629
693.453979 -0.003617 0.000007 -0.003624
692.343018 -0.003615 0.000006 -0.003621
691.231995 -0.003610 0.000005 -0.003615
690.121033 -0.003604 0.000002 -0.003606
689.010010 -0.003604 0.000002 -0.003606
687.898987 -0.003597 0.000006 -0.003603
686.788025 -0.003595 0.000007 -0.003602
685.677002 -0.003593 0.000008 -0.003601
684.565979 -0.003592 0.000006 -0.003598
683.455017 -0.003596 0.000003 -0.003599
682.343994 -0.003592 0.000001 -0.003593
681.233032 -0.003590 -0.000002 -0.003588
680.122009 -0.003588 -0.000000 -0.003588
679.010986 -0.003583 0.000003 -0.003586
677.900024 -0.003580 0.000004 -0.003584
676.789002 -0.003577 0.000002 -0.003579
675.677978 -0.003573 0.000002 -0.003576
674.567017 -0.003576 0.000003 -0.003580
673.455994 -0.003578 -0.000001 -0.003577
672.345032 -0.003573 -0.000003 -0.003570
671.234009 -0.003573 -0.000005 -0.003568
670.122986 -0.003570 -0.000006 -0.003565
669.012024 -0.003567 -0.000006 -0.003561
667.901001 -0.003563 -0.000005 -0.003558
666.789978 -0.003559 -0.000005 -0.003554
665.679016 -0.003557 -0.000006 -0.003551
664.567993 -0.003554 -0.000008 -0.003546
663.457031 -0.003550 -0.000010 -0.003541
662.346008 -0.003546 -0.000008 -0.003538
661.234985 -0.003542 -0.000008 -0.003535
660.124023 -0.003545 -0.000007 -0.003537
659.013000 -0.003539 -0.000008 -0.003531
657.901978 -0.003534 -0.000009 -0.003525
656.791016 -0.003531 -0.000009 -0.003522
655.679993 -0.003527 -0.000007 -0.003520
654.569031 -0.003525 -0.000008 -0.003517
653.458008 -0.003523 -0.000007 -0.003516
652.346985 -0.003520 -0.000008 -0.003512
651.236023 -0.003519 -0.000007 -0.003512
650.125000 -0.003518 -0.000007 -0.003512
649.014038 -0.003516 -0.000006 -0.003510
647.903015 -0.003515 -0.000005 -0.003510
646.791992 -0.003515 -0.000003 -0.003512
645.681030 -0.003515 -0.000002 -0.003513
644.570007 -0.003513 0.000000 -0.003513
643.458984 -0.003510 0.000000 -0.003510
642.348022 -0.003510 0.000001 -0.003511
641.237000 -0.003510 0.000003 -0.003513
640.126038 -0.003511 0.000000 -0.003511
639.015015 -0.003505 0.000001 -0.003507
637.903992 -0.003499 0.000002 -0.003501
636.793030 -0.003500 0.000002 -0.003502
635.682007 -0.003497 0.000003 -0.003501
634.570984 -0.003496 0.000003 -0.003499
633.460022 -0.003497 0.000001 -0.003497
632.348999 -0.003496 0.000002 -0.003498
631.238037 -0.003491 0.000003 -0.003493
630.127014 -0.003487 0.000003 -0.003491
629.015991 -0.003484 0.000005 -0.003488
627.905029 -0.003481 0.000003 -0.003484
626.794006 -0.003479 0.000004 -0.003483
625.682983 -0.003475 0.000003 -0.003478
624.572022 -0.003469 0.000001 -0.003469
623.460998 -0.003467 -0.000001 -0.003466
622.350037 -0.003464 -0.000002 -0.003462
621.239014 -0.003463 -0.000002 -0.003461
620.127991 -0.003457 -0.000002 -0.003454
619.017029 -0.003451 -0.000006 -0.003445
617.906006 -0.003449 -0.000005 -0.003444
616.794983 -0.003444 -0.000003 -0.003441
615.684021 -0.003440 -0.000002 -0.003438
614.572998 -0.003436 -0.000002 -0.003434
613.462036 -0.003435 -0.000005 -0.003429
612.351013 -0.003430 -0.000004 -0.003426
611.239990 -0.003426 -0.000003 -0.003423
610.129028 -0.003422 -0.000005 -0.003418
609.018005 -0.003424 -0.000004 -0.003420
607.906982 -0.003423 -0.000007 -0.003416
606.796021 -0.003419 -0.000008 -0.003411
605.684998 -0.003416 -0.000007 -0.003409
604.574036 -0.003414 -0.000010 -0.003404
603.463013 -0.003411 -0.000008 -0.003402
602.351990 -0.003407 -0.000008 -0.003400
601.241028 -0.003401 -0.000006 -0.003395
600.130005 -0.003398 -0.000009 -0.003390
599.018982 -0.003396 -0.000009 -0.003387
597.908020 -0.003395 -0.000012 -0.003383
596.796997 -0.003389 -0.000008 -0.003381
595.686035 -0.003385 -0.000009 -0.003376
594.575012 -0.003387 -0.000010 -0.003377
593.463989 -0.003385 -0.000013 -0.003372
592.353027 -0.003384 -0.000011 -0.003373
591.242004 -0.003382 -0.000010 -0.003372
590.130981 -0.003380 -0.000011 -0.003368
589.020019 -0.003374 -0.000011 -0.003363
587.908997 -0.003372 -0.000015 -0.003357
586.798035 -0.003361 -0.000014 -0.003347
585.687012 -0.003358 -0.000013 -0.003345
584.575989 -0.003356 -0.000016 -0.003340
583.465027 -0.003353 -0.000013 -0.003339
582.354004 -0.003347 -0.000012 -0.003336
581.243042 -0.003343 -0.000014 -0.003329
580.132019 -0.003341 -0.000011 -0.003330
579.020996 -0.003340 -0.000011 -0.003329
577.910034 -0.003337 -0.000008 -0.003329
576.799011 -0.003330 -0.000008 -0.003322
575.687988 -0.003327 -0.000007 -0.003320
574.577026 -0.003326 -0.000010 -0.003316
573.466003 -0.003321 -0.000009 -0.003312
572.355041 -0.003317 -0.000009 -0.003308
571.244019 -0.003312 -0.000010 -0.003303
570.132996 -0.003307 -0.000011 -0.003296
569.022034 -0.003298 -0.000007 -0.003291
567.911011 -0.003290 -0.000004 -0.003286
566.799988 -0.003291 -0.000004 -0.003287
565.689026 -0.003286 -0.000001 -0.003285
564.578003 -0.003287 -0.000001 -0.003286
563.467041 -0.003281 -0.000000 -0.003281
562.356018 -0.003275 -0.000001 -0.003274
561.244995 -0.003266 -0.000002 -0.003264
560.134033 -0.003257 0.000000 -0.003257
559.023010 -0.003250 0.000004 -0.003254
557.911987 -0.003248 -0.000000 -0.003247
556.801025 -0.003241 -0.000004 -0.003237
555.690002 -0.003231 -0.000001 -0.003230
554.579041 -0.003228 0.000002 -0.003230
553.468018 -0.003223 0.000004 -0.003227
552.356995 -0.003223 0.000003 -0.003226
551.246033 -0.003216 0.000005 -0.003221
550.135010 -0.003203 0.000006 -0.003210
549.023987 -0.003202 0.000007 -0.003209
547.913025 -0.003195 0.000011 -0.003206
546.802002 -0.003191 0.000011 -0.003202
545.691040 -0.003185 0.000011 -0.003197
544.580017 -0.003176 0.000008 -0.003184
543.468994 -0.003169 0.000008 -0.003177
542.358032 -0.003161 0.000011 -0.003172
541.247009 -0.003153 0.000012 -0.003166
540.135986 -0.003153 0.000012 -0.003165
539.025024 -0.003152 0.000014 -0.003166
537.914002 -0.003148 0.000014 -0.003162
536.803040 -0.003145 0.000011 -0.003156
535.692017 -0.003139 0.000011 -0.003149
534.580994 -0.003136 0.000016 -0.003152
533.470032 -0.003134 0.000012 -0.003145
532.359009 -0.003131 0.000008 -0.003139
531.247986 -0.003124 0.000005 -0.003129
530.137024 -0.003112 0.000009 -0.003121
529.026001 -0.003111 0.000008 -0.003119
527.915039 -0.003111 0.000005 -0.003116
526.804016 -0.003105 0.000003 -0.003108
525.692993 -0.003097 0.000002 -0.003099
524.582031 -0.003093 0.000005 -0.003099
523.471008 -0.003092 0.000001 -0.003093
522.359985 -0.003089 0.000002 -0.003091
521.249023 -0.003082 0.000001 -0.003083
520.138000 -0.003075 0.000002 -0.003078
519.027039 -0.003070 0.000000 -0.003070
517.916016 -0.003063 0.000000 -0.003063
516.804993 -0.003059 -0.000000 -0.003059
515.694031 -0.003055 0.000003 -0.003058
514.583008 -0.003048 0.000003 -0.003050
513.472046 -0.003041 0.000003 -0.003043
512.361023 -0.003032 -0.000000 -0.003032
511.250030 -0.003025 -0.000001 -0.003024
510.139008 -0.003019 -0.000003 -0.003016
509.028015 -0.003010 0.000004 -0.003014
507.917023 -0.003006 0.000000 -0.003006
506.806030 -0.003000 -0.000000 -0.003000
505.695007 -0.002997 -0.000003 -0.002994
504.584015 -0.002991 -0.000000 -0.002990
503.473023 -0.002984 -0.000005 -0.002979
502.362030 -0.002977 -0.000007 -0.002970
501.251007 -0.002973 -0.000010 -0.002963
500.140015 -0.002964 -0.000009 -0.002955
499.029022 -0.002956 -0.000007 -0.002949
497.918030 -0.002951 -0.000010 -0.002941
496.807007 -0.002946 -0.000011 -0.002935
495.696014 -0.002937 -0.000007 -0.002930
494.585022 -0.002927 -0.000006 -0.002921
493.474029 -0.002922 -0.000010 -0.002912
492.363007 -0.002919 -0.000016 -0.002903
491.252014 -0.002912 -0.000014 -0.002898
490.141022 -0.002905 -0.000013 -0.002892
489.030029 -0.002898 -0.000012 -0.002886
487.919006 -0.002889 -0.000008 -0.002881
486.808014 -0.002882 -0.000011 -0.002871
485.697022 -0.002874 -0.000006 -0.002867
484.586029 -0.002860 -0.000006 -0.002854
483.475006 -0.002847 -0.000000 -0.002846
482.364014 -0.002835 -0.000000 -0.002835
481.253021 -0.002829 -0.000001 -0.002828
480.142029 -0.002818 -0.000004 -0.002814
479.031006 -0.002799 0.000001 -0.002799
477.920013 -0.002789 0.000004 -0.002793
476.809021 -0.002780 0.000006 -0.002785
475.698029 -0.002764 0.000005 -0.002769
474.587006 -0.002747 0.000007 -0.002754
473.476013 -0.002741 0.000007 -0.002748
472.365021 -0.002729 0.000005 -0.002735
471.254028 -0.002714 0.000007 -0.002721
470.143005 -0.002699 0.000012 -0.002711
469.032013 -0.002693 0.000012 -0.002705
467.921020 -0.002683 0.000012 -0.002695
466.810028 -0.002670 0.000017 -0.002687
465.699005 -0.002655 0.000017 -0.002671
464.588013 -0.002648 0.000014 -0.002663
463.477020 -0.002639 0.000015 -0.002654
462.366028 -0.002629 0.000014 -0.002643
461.255005 -0.002614 0.000017 -0.002631
460.144012 -0.002611 0.000014 -0.002625
459.033020 -0.002605 0.000014 -0.002619
457.922028 -0.002595 0.000018 -0.002613
456.811005 -0.002591 0.000021 -0.002612
455.700012 -0.002582 0.000019 -0.002601
454.589020 -0.002578 0.000016 -0.002594
453.478027 -0.002576 0.000019 -0.002595
452.367004 -0.002566 0.000020 -0.002586
451.256012 -0.002551 0.000023 -0.002574
450.145019 -0.002544 0.000019 -0.002564
449.034027 -0.002542 0.000017 -0.002559
447.923004 -0.002530 0.000019 -0.002549
446.812012 -0.002516 0.000022 -0.002538
445.701019 -0.002505 0.000022 -0.002527
444.590027 -0.002500 0.000014 -0.002515
443.479004 -0.002492 0.000018 -0.002510
442.368012 -0.002472 0.000024 -0.002496
441.257019 -0.002457 0.000015 -0.002472
440.146027 -0.002452 0.000006 -0.002458
439.035034 -0.002440 0.000006 -0.002445
437.924011 -0.002410 0.000010 -0.002420
436.813019 -0.002384 0.000012 -0.002396
435.702026 -0.002362 0.000008 -0.002370
434.591034 -0.002342 0.000007 -0.002349
433.480011 -0.002319 0.000007 -0.002326
432.369019 -0.002290 0.000013 -0.002303
431.258026 -0.002259 0.000011 -0.002270
430.147034 -0.002245 0.000007 -0.002252
429.036011 -0.002219 0.000004 -0.002223
427.925018 -0.002191 0.000003 -0.002194
426.814026 -0.002153 0.000001 -0.002154
425.703033 -0.002125 0.000004 -0.002130
424.592011 -0.002098 -0.000000 -0.002098
423.481018 -0.002071 -0.000013 -0.002058
422.370026 -0.002033 -0.000007 -0.002027
421.259033 -0.002005 -0.000015 -0.001990
420.148010 -0.001979 -0.000021 -0.001958
419.037018 -0.001939 -0.000023 -0.001916
417.926025 -0.001893 -0.000012 -0.001881
416.815033 -0.001853 -0.000003 -0.001850
415.704010 -0.001836 -0.000016 -0.001820
414.593018 -0.001802 -0.000025 -0.001777
413.482025 -0.001757 -0.000023 -0.001734
412.371033 -0.001720 -0.000026 -0.001694
411.260010 -0.001686 -0.000032 -0.001653
410.149017 -0.001646 -0.000038 -0.001608
409.038025 -0.001614 -0.000038 -0.001576
407.927032 -0.001557 -0.000027 -0.001531
406.816010 -0.001530 -0.000045 -0.001485
405.705017 -0.001495 -0.000054 -0.001441
404.594025 -0.001454 -0.000050 -0.001403
403.483032 -0.001407 -0.000047 -0.001360
402.372009 -0.001378 -0.000053 -0.001325
401.261017 -0.001319 -0.000047 -0.001272
400.150024 -0.001275 -0.000043 -0.001232
399.039032 -0.001219 -0.000027 -0.001192
397.928009 -0.001181 -0.000044 -0.001137
396.817017 -0.001155 -0.000047 -0.001109
395.706024 -0.001115 -0.000058 -0.001057
394.595032 -0.001078 -0.000075 -0.001003
393.484009 -0.001026 -0.000061 -0.000966
392.373016 -0.000992 -0.000054 -0.000938
391.262024 -0.000953 -0.000043 -0.000910
390.151031 -0.000895 -0.000028 -0.000867
389.040008 -0.000874 -0.000040 -0.000834
387.929016 -0.000849 -0.000052 -0.000798
386.818024 -0.000815 -0.000027 -0.000788
385.707031 -0.000781 -0.000047 -0.000733
384.596008 -0.000763 -0.000053 -0.000710
383.485016 -0.000723 -0.000026 -0.000697
382.374023 -0.000697 -0.000016 -0.000681
381.263031 -0.000660 -0.000024 -0.000636
380.152008 -0.000636 -0.000038 -0.000598
379.041016 -0.000648 -0.000036 -0.000612
377.930023 -0.000599 -0.000013 -0.000587
376.819031 -0.000554 -0.000013 -0.000541
375.708008 -0.000503 0.000012 -0.000515
374.597015 -0.000473 0.000006 -0.000479
373.486023 -0.000455 0.000013 -0.000468
372.375030 -0.000438 0.000014 -0.000453
371.264038 -0.000411 -0.000007 -0.000404
370.153015 -0.000397 -0.000006 -0.000391
369.042023 -0.000409 0.000005 -0.000415
367.931030 -0.000429 -0.000013 -0.000416
366.820038 -0.000402 -0.000021 -0.000381
365.709015 -0.000384 0.000015 -0.000400
364.598023 -0.000373 -0.000004 -0.000369
363.487030 -0.000363 -0.000007 -0.000357
362.376038 -0.000313 0.000011 -0.000324
361.265015 -0.000314 0.000010 -0.000325
360.154022 -0.000332 0.000036 -0.000368
359.043030 -0.000514 0.000035 -0.000549
357.932037 -0.000291 0.000136 -0.000428
356.821014 -0.000075 0.000174 -0.000249
355.710022 -0.000039 0.000134 -0.000173
354.599029 -0.000244 0.000104 -0.000348
353.488037 -0.000173 0.000217 -0.000391
352.377014 -0.000279 0.000063 -0.000342
351.266022 -0.000097 0.000110 -0.000207
350.155029 -0.000233 0.000071 -0.000304
349.044037 -0.000288 0.000019 -0.000306
347.933014 -0.000190 0.000033 -0.000223
346.822022 -0.000133 -0.000043 -0.000090
345.711029 -0.000242 -0.000160 -0.000082
344.600037 -0.000192 -0.000213 0.000021
343.489014 -0.000072 -0.000237 0.000164
342.378021 -0.000035 -0.000256 0.000221
341.267029 -0.000012 -0.000133 0.000121
340.156036 -0.000021 -0.000074 0.000053
339.045013 0.000053 -0.000014 0.000068
337.934021 0.000124 -0.000058 0.000182
336.823029 0.000168 -0.000106 0.000274
335.712036 -0.000109 -0.000191 0.000082
334.601013 -0.000174 -0.000180 0.000006
333.490021 -0.000197 -0.000184 -0.000013
332.379028 -0.000039 -0.000164 0.000125
331.268036 -0.000236 -0.000378 0.000142
330.157013 -0.000050 -0.000165 0.000115
329.046020 -0.000189 -0.000265 0.000076
327.935028 -0.000136 -0.000209 0.000073
326.824036 -0.000010 0.000005 -0.000015
325.713013 -0.000049 -0.000020 -0.000029
324.602020 0.000007 0.000017 -0.000010
323.491028 0.000117 0.000119 -0.000002
322.380035 -0.000062 0.000226 -0.000287
321.269012 -0.000098 0.000220 -0.000319
320.158020 -0.000143 0.000194 -0.000337
319.047028 -0.000149 0.000075 -0.000224
317.936035 -0.000268 0.000010 -0.000278
316.825012 -0.000319 -0.000144 -0.000175
315.714020 -0.000386 -0.000200 -0.000186
314.603027 -0.000238 -0.000124 -0.000114
313.492035 -0.000226 -0.000198 -0.000029
312.381012 -0.000309 -0.000344 0.000035
311.270019 -0.000378 -0.000374 -0.000004
310.159027 -0.000322 -0.000390 0.000068
309.048035 -0.000327 -0.000372 0.000045
307.937012 -0.000404 -0.000430 0.000026
306.826019 -0.000346 -0.000377 0.000031
305.715027 -0.000149 -0.000284 0.000135
304.604034 -0.000212 -0.000386 0.000174
303.493012 -0.000190 -0.000379 0.000189
302.382019 -0.000309 -0.000392 0.000083
301.271027 -0.000300 -0.000416 0.000116
300.160034 -0.000139 -0.000441 0.000302
299.049042 -0.000195 -0.000464 0.000269
297.938019 -0.000180 -0.000392 0.000212
296.827026 -0.000271 -0.000487 0.000216
295.716034 -0.000198 -0.000608 0.000410
294.605042 -0.000288 -0.000578 0.000291
293.494019 -0.000226 -0.000523 0.000297
292.383026 -0.000206 -0.000563 0.000357
291.272034 -0.000082 -0.000509 0.000427
290.161041 -0.000097 -0.000424 0.000326
289.050018 -0.000083 -0.000422 0.000339
287.939026 -0.000056 -0.000406 0.000350
286.828033 0.000031 -0.000384 0.000415
285.717041 0.000131 -0.000341 0.000471
284.606018 0.000054 -0.000351 0.000406
283.495026 -0.000069 -0.000530 0.000460
282.384033 -0.000051 -0.000603 0.000552
281.273041 -0.000096 -0.000570 0.000473
280.162018 -0.000069 -0.000530 0.000461
279.051025 -0.000011 -0.000483 0.000471
277.940033 -0.000002 -0.000504 0.000502
276.829041 0.000073 -0.000422 0.000494
275.718018 0.000083 -0.000432 0.000515
274.607025 0.000185 -0.000327 0.000512
273.496033 0.000321 -0.000143 0.000464
272.385040 0.000390 -0.000044 0.000435
271.274017 0.000377 -0.000069 0.000446
270.163025 0.000300 -0.000054 0.000354
269.052032 0.000277 -0.000010 0.000287
267.941040 0.000300 0.000054 0.000246
266.830017 0.000264 0.000145 0.000119
265.719025 0.000230 0.000091 0.000139
264.608032 0.000258 0.000102 0.000156
263.497040 0.000242 0.000157 0.000085
262.386017 0.000163 0.000135 0.000028
261.275024 0.000197 0.000134 0.000063
260.164032 0.000118 0.000069 0.000049
259.053040 0.000117 0.000029 0.000088
257.942017 0.000063 0.000043 0.000020
256.831024 0.000054 0.000022 0.000032
255.720032 0.000028 -0.000011 0.000039
254.609024 -0.000101 -0.000073 -0.000028
253.498032 -0.000103 -0.000072 -0.000031
252.387024 -0.000170 -0.000138 -0.000032
251.276031 -0.000175 -0.000125 -0.000051
250.165024 -0.000058 -0.000116 0.000058
249.054031 -0.000076 -0.000088 0.000011
247.943024 -0.000019 -0.000093 0.000074
246.832031 -0.000040 -0.000121 0.000081
245.721024 -0.000081 -0.000189 0.000108
244.610031 0.000006 -0.000269 0.000275
243.499023 -0.000016 -0.000213 0.000197
242.388031 0.000005 -0.000159 0.000165
241.277023 -0.000108 -0.000314 0.000205
240.166031 0.000007 -0.000279 0.000286
239.055023 -0.000009 -0.000165 0.000155
