239.055023 0.649443 0.633459 0.015984
240.166031 0.651179 0.635296 0.015883
241.277023 0.653420 0.637452 0.015968
242.388031 0.656045 0.640000 0.016045
243.499023 0.658951 0.642958 0.015993
244.610031 0.662023 0.646150 0.015873
245.721024 0.665235 0.649331 0.015904
246.832031 0.668464 0.652741 0.015724
247.943024 0.671747 0.656040 0.015707
249.054031 0.674982 0.659273 0.015708
250.165024 0.678231 0.662920 0.015311
251.276031 0.681482 0.666268 0.015214
252.387024 0.684696 0.669660 0.015036
253.498032 0.687922 0.673195 0.014727
254.609024 0.691150 0.676703 0.014447
255.720032 0.694392 0.680010 0.014381
256.831024 0.697640 0.683384 0.014255
257.942017 0.700929 0.686904 0.014025
259.053040 0.704244 0.690414 0.013830
260.164032 0.707541 0.694210 0.013331
261.275024 0.710855 0.697736 0.013119
262.386017 0.714147 0.701238 0.012909
263.497040 0.717399 0.704672 0.012727
264.608032 0.720557 0.708140 0.012417
265.719025 0.723622 0.711372 0.012250
266.830017 0.726535 0.714537 0.011998
267.941040 0.729270 0.717501 0.011770
269.052032 0.731800 0.720248 0.011552
270.163025 0.734089 0.722659 0.011430
271.274017 0.736114 0.724818 0.011295
272.385040 0.737817 0.726604 0.011212
273.496033 0.739205 0.728197 0.011008
274.607025 0.740226 0.729295 0.010931
275.718018 0.740856 0.730145 0.010711
276.829041 0.741063 0.730450 0.010613
277.940033 0.740815 0.730530 0.010284
279.051025 0.740078 0.730058 0.010021
280.162018 0.738850 0.728988 0.009863
281.273041 0.737163 0.727637 0.009526
282.384033 0.735102 0.725489 0.009613
283.495026 0.732783 0.723291 0.009493
284.606018 0.730352 0.720963 0.009390
285.717041 0.727898 0.718753 0.009145
286.828033 0.725430 0.716739 0.008690
287.939026 0.722865 0.714337 0.008528
289.050018 0.720020 0.711331 0.008689
290.161041 0.716697 0.708180 0.008517
291.272034 0.712737 0.704202 0.008536
292.383026 0.708080 0.699823 0.008257
293.494019 0.702753 0.694934 0.007819
294.605042 0.696862 0.689084 0.007778
295.716034 0.690552 0.682867 0.007685
296.827026 0.683976 0.676725 0.007250
297.938019 0.677286 0.670334 0.006952
299.049042 0.670613 0.664068 0.006546
300.160034 0.664054 0.657637 0.006417
301.271027 0.657690 0.651536 0.006154
302.382019 0.651579 0.645443 0.006136
303.493012 0.645753 0.639387 0.006366
304.604034 0.640239 0.634180 0.006059
305.715027 0.635045 0.629144 0.005901
306.826019 0.630172 0.624617 0.005556
307.937012 0.625615 0.620216 0.005399
309.048035 0.621362 0.615948 0.005414
310.159027 0.617395 0.612449 0.004946
311.270019 0.613701 0.608996 0.004704
312.381012 0.610258 0.605585 0.004673
313.492035 0.607048 0.602508 0.004540
314.603027 0.604054 0.599585 0.004469
315.714020 0.601258 0.596645 0.004613
316.825012 0.598645 0.594330 0.004314
317.936035 0.596200 0.591724 0.004476
319.047028 0.593909 0.589290 0.004619
320.158020 0.591763 0.587229 0.004534
321.269012 0.589749 0.585034 0.004716
322.380035 0.587858 0.583266 0.004592
323.491028 0.586083 0.581867 0.004216
324.602020 0.584413 0.580429 0.003985
325.713013 0.582844 0.578900 0.003945
326.824036 0.581368 0.577601 0.003767
327.935028 0.579980 0.575945 0.004035
329.046020 0.578674 0.574863 0.003812
330.157013 0.577447 0.573462 0.003985
331.268036 0.576294 0.572019 0.004275
332.379028 0.575212 0.570966 0.004246
333.490021 0.574198 0.570140 0.004058
334.601013 0.573248 0.569587 0.003660
335.712036 0.572361 0.569132 0.003229
336.823029 0.571536 0.568222 0.003314
337.934021 0.570770 0.567526 0.003244
339.045013 0.570062 0.566758 0.003305
340.156036 0.569413 0.566412 0.003000
341.267029 0.568820 0.566022 0.002798
342.378021 0.568284 0.565335 0.002949
343.489014 0.567805 0.564765 0.003040
344.600037 0.567383 0.564333 0.003049
345.711029 0.567018 0.563706 0.003313
346.822022 0.566712 0.563252 0.003461
347.933014 0.566465 0.563271 0.003194
349.044037 0.566278 0.562954 0.003324
350.155029 0.566154 0.563026 0.003128
351.266022 0.566093 0.562577 0.003515
352.377014 0.566098 0.562907 0.003192
353.488037 0.566173 0.563175 0.002999
354.599029 0.566322 0.563101 0.003221
355.710022 0.566549 0.563333 0.003216
356.821014 0.566861 0.563465 0.003396
357.932037 0.567266 0.563524 0.003742
359.043030 0.567775 0.564182 0.003593
360.154022 0.568400 0.564900 0.003500
361.265015 0.569156 0.565679 0.003477
362.376038 0.570059 0.566619 0.003440
363.487030 0.571126 0.567608 0.003517
364.598023 0.572373 0.568891 0.003482
365.709015 0.573813 0.570458 0.003355
366.820038 0.575454 0.572155 0.003299
367.931030 0.577292 0.573931 0.003361
369.042023 0.579310 0.575994 0.003316
370.153015 0.581474 0.578212 0.003261
371.264038 0.583732 0.580466 0.003265
372.375030 0.586015 0.582808 0.003207
373.486023 0.588240 0.585117 0.003122
374.597015 0.590314 0.587182 0.003131
375.708008 0.592145 0.589093 0.003053
376.819031 0.593646 0.590611 0.003035
377.930023 0.594741 0.591708 0.003034
379.041016 0.595370 0.592377 0.002993
380.152008 0.595490 0.592547 0.002944
381.263031 0.595076 0.592188 0.002889
382.374023 0.594120 0.591311 0.002809
383.485016 0.592627 0.589897 0.002730
384.596008 0.590618 0.587935 0.002683
385.707031 0.588120 0.585523 0.002597
386.818024 0.585175 0.582639 0.002536
387.929016 0.581829 0.579345 0.002484
389.040008 0.578137 0.575714 0.002423
390.151031 0.574162 0.571757 0.002404
391.262024 0.569967 0.567618 0.002349
392.373016 0.565621 0.563318 0.002303
393.484009 0.561191 0.558931 0.002260
394.595032 0.556740 0.554533 0.002207
395.706024 0.552329 0.550219 0.002110
396.817017 0.548004 0.545906 0.002098
397.928009 0.543807 0.541706 0.002101
399.039032 0.539764 0.537679 0.002085
400.150024 0.535891 0.533849 0.002042
401.261017 0.532194 0.530196 0.001997
402.372009 0.528670 0.526690 0.001980
403.483032 0.525312 0.523361 0.001952
404.594025 0.522107 0.520157 0.001950
405.705017 0.519039 0.517132 0.001907
406.816010 0.516095 0.514202 0.001894
407.927032 0.513264 0.511375 0.001889
409.038025 0.510526 0.508676 0.001850
410.149017 0.507875 0.506053 0.001822
411.260010 0.505301 0.503515 0.001786
412.371033 0.502795 0.501048 0.001747
413.482025 0.500352 0.498628 0.001724
414.593018 0.497964 0.496279 0.001684
415.704010 0.495630 0.493994 0.001636
416.815033 0.493344 0.491742 0.001602
417.926025 0.491104 0.489505 0.001599
419.037018 0.488909 0.487360 0.001549
420.148010 0.486758 0.485227 0.001531
421.259033 0.484644 0.483151 0.001493
422.370026 0.482571 0.481083 0.001488
423.481018 0.480536 0.479024 0.001512
424.592011 0.478538 0.477054 0.001484
425.703033 0.476576 0.475144 0.001432
426.814026 0.474650 0.473229 0.001421
427.925018 0.472761 0.471348 0.001413
429.036011 0.470905 0.469517 0.001388
430.147034 0.469083 0.467716 0.001366
431.258026 0.467294 0.465907 0.001387
432.369019 0.465541 0.464163 0.001378
433.480011 0.463816 0.462424 0.001392
434.591034 0.462128 0.460762 0.001366
435.702026 0.460471 0.459094 0.001377
436.813019 0.458841 0.457464 0.001376
437.924011 0.457245 0.455852 0.001393
439.035034 0.455678 0.454289 0.001390
440.146027 0.454142 0.452769 0.001373
441.257019 0.452637 0.451259 0.001378
442.368012 0.451158 0.449772 0.001387
443.479004 0.449709 0.448329 0.001381
444.590027 0.448291 0.446934 0.001357
445.701019 0.446896 0.445541 0.001355
446.812012 0.445533 0.444201 0.001332
447.923004 0.444191 0.442860 0.001331
449.034027 0.442878 0.441567 0.001311
450.145019 0.441592 0.440275 0.001317
451.256012 0.440328 0.439028 0.001299
452.367004 0.439090 0.437798 0.001292
453.478027 0.437873 0.436590 0.001283
454.589020 0.436683 0.435414 0.001268
455.700012 0.435513 0.434261 0.001252
456.811005 0.434365 0.433100 0.001265
457.922028 0.433241 0.432005 0.001236
459.033020 0.432137 0.430925 0.001213
460.144012 0.431049 0.429823 0.001227
461.255005 0.429986 0.428770 0.001216
462.366028 0.428943 0.427734 0.001209
463.477020 0.427915 0.426707 0.001208
464.588013 0.426906 0.425702 0.001204
465.699005 0.425916 0.424708 0.001208
466.810028 0.424943 0.423728 0.001215
467.921020 0.423981 0.422780 0.001201
469.032013 0.423039 0.421828 0.001211
470.143005 0.422110 0.420914 0.001196
471.254028 0.421203 0.420010 0.001193
472.365021 0.420305 0.419108 0.001197
473.476013 0.419421 0.418217 0.001204
474.587006 0.418553 0.417364 0.001189
475.698029 0.417694 0.416519 0.001175
476.809021 0.416851 0.415668 0.001183
477.920013 0.416020 0.414839 0.001181
479.031006 0.415201 0.414027 0.001174
480.142029 0.414393 0.413220 0.001173
481.253021 0.413599 0.412420 0.001179
482.364014 0.412814 0.411646 0.001168
483.475006 0.412039 0.410858 0.001181
484.586029 0.411276 0.410092 0.001185
485.697022 0.410522 0.409344 0.001178
486.808014 0.409780 0.408614 0.001167
487.919006 0.409048 0.407896 0.001152
489.030029 0.408323 0.407175 0.001147
490.141022 0.407607 0.406460 0.001148
491.252014 0.406901 0.405768 0.001133
492.363007 0.406207 0.405067 0.001140
493.474029 0.405517 0.404373 0.001144
494.585022 0.404834 0.403700 0.001134
495.696014 0.404163 0.403041 0.001122
496.807007 0.403503 0.402369 0.001134
497.918030 0.402844 0.401705 0.001139
499.029022 0.402197 0.401071 0.001126
500.140015 0.401556 0.400427 0.001129
501.251007 0.400924 0.399793 0.001132
502.362030 0.400298 0.399170 0.001128
503.473023 0.399681 0.398556 0.001125
504.584015 0.399069 0.397950 0.001118
505.695007 0.398464 0.397362 0.001102
506.806030 0.397866 0.396761 0.001105
507.917023 0.397275 0.396174 0.001101
509.028015 0.396691 0.395585 0.001106
510.139008 0.396108 0.394994 0.001115
511.250030 0.395540 0.394433 0.001107
512.361023 0.394973 0.393877 0.001096
513.472046 0.394411 0.393314 0.001097
514.583008 0.393858 0.392778 0.001080
515.694031 0.393310 0.392232 0.001078
516.804993 0.392768 0.391698 0.001069
517.916016 0.392233 0.391173 0.001060
519.027039 0.391700 0.390650 0.001050
520.138000 0.391173 0.390121 0.001052
521.249023 0.390651 0.389595 0.001056
522.359985 0.390138 0.389075 0.001063
523.471008 0.389627 0.388576 0.001051
524.582031 0.389122 0.388071 0.001051
525.692993 0.388621 0.387577 0.001043
526.804016 0.388126 0.387079 0.001048
527.915039 0.387637 0.386605 0.001032
529.026001 0.387152 0.386129 0.001023
530.137024 0.386671 0.385653 0.001017
531.247986 0.386194 0.385175 0.001018
532.359009 0.385723 0.384707 0.001016
533.470032 0.385255 0.384235 0.001020
534.580994 0.384791 0.383774 0.001017
535.692017 0.384338 0.383330 0.001008
536.803040 0.383882 0.382867 0.001015
537.914002 0.383430 0.382423 0.001008
539.025024 0.382985 0.381981 0.001004
540.135986 0.382544 0.381530 0.001014
541.247009 0.382106 0.381088 0.001018
542.358032 0.381673 0.380665 0.001008
543.468994 0.381242 0.380234 0.001007
544.580017 0.380819 0.379837 0.000981
545.691040 0.380396 0.379412 0.000983
546.802002 0.379978 0.379003 0.000976
547.913025 0.379565 0.378587 0.000978
549.023987 0.379155 0.378191 0.000963
550.135010 0.378748 0.377778 0.000970
551.246033 0.378347 0.377378 0.000969
552.356995 0.377943 0.376957 0.000986
553.468018 0.377549 0.376571 0.000977
554.579041 0.377157 0.376196 0.000961
555.690002 0.376764 0.375811 0.000952
556.801025 0.376380 0.375421 0.000960
557.911987 0.375998 0.375036 0.000963
559.023010 0.375618 0.374660 0.000958
560.134033 0.375242 0.374284 0.000958
561.244995 0.374872 0.373910 0.000962
562.356018 0.374499 0.373541 0.000959
563.467041 0.374132 0.373185 0.000947
564.578003 0.373769 0.372819 0.000950
565.689026 0.373410 0.372468 0.000942
566.799988 0.373049 0.372101 0.000949
567.911011 0.372698 0.371746 0.000952
569.022034 0.372344 0.371389 0.000955
570.132996 0.371996 0.371044 0.000953
571.244019 0.371651 0.370694 0.000956
572.355041 0.371306 0.370346 0.000959
573.466003 0.370965 0.370002 0.000963
574.577026 0.370627 0.369675 0.000952
575.687988 0.370294 0.369351 0.000943
576.799011 0.369961 0.368998 0.000963
577.910034 0.369633 0.368672 0.000961
579.020996 0.369304 0.368346 0.000958
580.132019 0.368980 0.368011 0.000969
581.243042 0.368657 0.367684 0.000973
582.354004 0.368341 0.367370 0.000971
583.465027 0.368023 0.367061 0.000962
584.575989 0.367708 0.366750 0.000958
585.687012 0.367396 0.366438 0.000959
586.798035 0.367084 0.366128 0.000956
587.908997 0.366777 0.365821 0.000956
589.020019 0.366474 0.365512 0.000962
590.130981 0.366170 0.365219 0.000951
591.242004 0.365872 0.364909 0.000963
592.353027 0.365572 0.364614 0.000958
593.463989 0.365277 0.364324 0.000953
594.575012 0.364983 0.364027 0.000956
595.686035 0.364689 0.363740 0.000949
596.796997 0.364402 0.363460 0.000943
597.908020 0.364114 0.363163 0.000952
599.018982 0.363832 0.362885 0.000948
600.130005 0.363548 0.362598 0.000950
601.241028 0.363268 0.362320 0.000948
602.351990 0.362989 0.362051 0.000938
603.463013 0.362713 0.361780 0.000932
604.574036 0.362437 0.361505 0.000932
605.684998 0.362165 0.361225 0.000940
606.796021 0.361895 0.360954 0.000941
607.906982 0.361624 0.360676 0.000947
609.018005 0.361359 0.360416 0.000943
610.129028 0.361094 0.360147 0.000947
611.239990 0.360828 0.359879 0.000949
612.351013 0.360568 0.359616 0.000952
613.462036 0.360309 0.359362 0.000947
614.572998 0.360053 0.359104 0.000949
615.684021 0.359795 0.358840 0.000954
616.794983 0.359541 0.358593 0.000948
617.906006 0.359291 0.358341 0.000950
619.017029 0.359039 0.358085 0.000954
620.127991 0.358793 0.357844 0.000949
621.239014 0.358545 0.357599 0.000946
622.350037 0.358298 0.357352 0.000946
623.460998 0.358056 0.357112 0.000944
624.572022 0.357812 0.356869 0.000943
625.682983 0.357573 0.356626 0.000948
626.794006 0.357335 0.356388 0.000947
627.905029 0.357097 0.356161 0.000936
629.015991 0.356863 0.355930 0.000933
630.127014 0.356629 0.355697 0.000932
631.238037 0.356394 0.355465 0.000929
632.348999 0.356165 0.355238 0.000927
633.460022 0.355936 0.355024 0.000912
634.570984 0.355706 0.354791 0.000915
635.682007 0.355485 0.354576 0.000909
636.793030 0.355258 0.354350 0.000907
637.903992 0.355035 0.354128 0.000907
639.015015 0.354812 0.353908 0.000904
640.126038 0.354593 0.353683 0.000909
641.237000 0.354375 0.353469 0.000906
642.348022 0.354156 0.353252 0.000904
643.458984 0.353942 0.353040 0.000902
644.570007 0.353727 0.352820 0.000907
645.681030 0.353513 0.352611 0.000902
646.791992 0.353301 0.352395 0.000906
647.903015 0.353089 0.352183 0.000906
649.014038 0.352881 0.351972 0.000908
650.125000 0.352673 0.351762 0.000911
651.236023 0.352469 0.351555 0.000914
652.346985 0.352264 0.351351 0.000913
653.458008 0.352059 0.351137 0.000922
654.569031 0.351855 0.350937 0.000918
655.679993 0.351654 0.350725 0.000929
656.791016 0.351454 0.350528 0.000926
657.901978 0.351255 0.350328 0.000927
659.013000 0.351058 0.350131 0.000927
660.124023 0.350861 0.349931 0.000930
661.234985 0.350668 0.349738 0.000930
662.346008 0.350472 0.349552 0.000919
663.457031 0.350280 0.349362 0.000918
664.567993 0.350089 0.349170 0.000919
665.679016 0.349894 0.348972 0.000921
666.789978 0.349707 0.348789 0.000918
667.901001 0.349520 0.348590 0.000930
669.012024 0.349332 0.348409 0.000922
670.122986 0.349147 0.348228 0.000919
671.234009 0.348960 0.348042 0.000918
672.345032 0.348776 0.347860 0.000916
673.455994 0.348594 0.347682 0.000912
674.567017 0.348412 0.347502 0.000910
675.677978 0.348236 0.347335 0.000901
676.789002 0.348054 0.347154 0.000900
677.900024 0.347876 0.346984 0.000892
679.010986 0.347698 0.346808 0.000890
680.122009 0.347520 0.346631 0.000889
681.233032 0.347347 0.346454 0.000893
682.343994 0.347172 0.346289 0.000883
683.455017 0.346999 0.346109 0.000889
684.565979 0.346826 0.345943 0.000883
685.677002 0.346654 0.345771 0.000883
686.788025 0.346484 0.345602 0.000882
687.898987 0.346317 0.345435 0.000882
689.010010 0.346144 0.345269 0.000876
690.121033 0.345981 0.345114 0.000868
691.231995 0.345814 0.344951 0.000863
692.343018 0.345647 0.344784 0.000862
693.453979 0.345486 0.344627 0.000859
694.565002 0.345322 0.344465 0.000857
695.676025 0.345157 0.344304 0.000853
696.786987 0.344996 0.344143 0.000853
697.898010 0.344835 0.343984 0.000851
699.009033 0.344674 0.343813 0.000860
700.119995 0.344515 0.343647 0.000868
701.231018 0.344358 0.343495 0.000863
702.341980 0.344200 0.343347 0.000853
703.453003 0.344044 0.343186 0.000859
704.564026 0.343888 0.343011 0.000877
705.674988 0.343734 0.342870 0.000864
706.786011 0.343577 0.342700 0.000877
707.897034 0.343427 0.342559 0.000868
709.007996 0.343275 0.342407 0.000868
710.119019 0.343122 0.342260 0.000862
711.229981 0.342972 0.342101 0.000871
712.341003 0.342823 0.341953 0.000871
713.452026 0.342673 0.341802 0.000870
714.562988 0.342525 0.341665 0.000860
715.674011 0.342377 0.341506 0.000871
716.785034 0.342233 0.341353 0.000880
717.895996 0.342085 0.341202 0.000883
719.007019 0.341942 0.341064 0.000878
720.117981 0.341797 0.340912 0.000884
721.229004 0.341653 0.340795 0.000858
722.340027 0.341510 0.340652 0.000859
723.450989 0.341370 0.340497 0.000872
724.562012 0.341227 0.340354 0.000873
725.673035 0.341089 0.340215 0.000875
726.783997 0.340948 0.340092 0.000855
727.895019 0.340807 0.339933 0.000874
729.005981 0.340670 0.339798 0.000872
730.117004 0.340533 0.339638 0.000895
731.228027 0.340395 0.339526 0.000870
732.338989 0.340261 0.339397 0.000864
733.450012 0.340126 0.339250 0.000875
734.560974 0.339992 0.339120 0.000872
735.671997 0.339857 0.338988 0.000869
736.783020 0.339725 0.338834 0.000890
737.893982 0.339591 0.338707 0.000884
739.005005 0.339458 0.338577 0.000881
740.116028 0.339328 0.338456 0.000871
741.226990 0.339199 0.338343 0.000856
742.338013 0.339068 0.338204 0.000864
743.448975 0.338939 0.338078 0.000861
744.559998 0.338809 0.337952 0.000857
745.671021 0.338682 0.337827 0.000855
746.781982 0.338555 0.337693 0.000862
747.893005 0.338429 0.337583 0.000847
749.004028 0.338302 0.337434 0.000868
750.114990 0.338178 0.337331 0.000847
751.226013 0.338051 0.337219 0.000831
752.336975 0.337927 0.337086 0.000841
753.447998 0.337805 0.336947 0.000859
754.559021 0.337681 0.336831 0.000850
755.669983 0.337559 0.336715 0.000844
756.781006 0.337439 0.336595 0.000844
757.892029 0.337319 0.336496 0.000823
759.002991 0.337197 0.336375 0.000822
760.114014 0.337076 0.336248 0.000828
761.224976 0.336958 0.336160 0.000798
762.335998 0.336841 0.336040 0.000801
763.447022 0.336722 0.335910 0.000811
764.557983 0.336604 0.335837 0.000767
765.669006 0.336487 0.335664 0.000823
766.780029 0.336372 0.335534 0.000838
767.890991 0.336255 0.335445 0.000810
769.002014 0.336140 0.335297 0.000843
770.112976 0.336025 0.335150 0.000875
771.223999 0.335912 0.335090 0.000821
772.335022 0.335799 0.334980 0.000820
773.445984 0.335686 0.334847 0.000839
774.557007 0.335571 0.334750 0.000821
775.668030 0.335460 0.334636 0.000824
776.778992 0.335349 0.334506 0.000843
777.890015 0.335237 0.334422 0.000816
779.000977 0.335130 0.334312 0.000818
780.112000 0.335018 0.334135 0.000883
781.223022 0.334909 0.334031 0.000877
782.333984 0.334801 0.333911 0.000890
783.445007 0.334693 0.333802 0.000891
784.556030 0.334585 0.333694 0.000891
785.666992 0.334479 0.333566 0.000913
786.778015 0.334371 0.333444 0.000927
787.888977 0.334265 0.333408 0.000858
789.000000 0.334159 0.333328 0.000831
790.111023 0.334055 0.333212 0.000843
791.221985 0.333949 0.333158 0.000792
792.333008 0.333846 0.333104 0.000742
793.444031 0.333742 0.332987 0.000755
794.554993 0.333640 0.332868 0.000772
795.666016 0.333537 0.332761 0.000777
796.776978 0.333432 0.332681 0.000751
797.888000 0.333331 0.332579 0.000752
798.999084 0.333231 0.332485 0.000746
800.110046 0.333130 0.332371 0.000760
801.221069 0.333030 0.332273 0.000757
802.332031 0.332930 0.332198 0.000732
803.443054 0.332830 0.332108 0.000722
804.554077 0.332730 0.332058 0.000672
805.665039 0.332631 0.331921 0.000709
806.776062 0.332534 0.331818 0.000716
807.887085 0.332436 0.331757 0.000679
808.998047 0.332338 0.331639 0.000699
810.109070 0.332240 0.331519 0.000722
811.220032 0.332147 0.331416 0.000730
812.331055 0.332050 0.331315 0.000735
813.442078 0.331955 0.331210 0.000745
814.553040 0.331857 0.331108 0.000749
815.664063 0.331763 0.330980 0.000782
816.775085 0.331670 0.330881 0.000788
817.886047 0.331577 0.330815 0.000762
818.997070 0.331483 0.330729 0.000754
820.108032 0.331390 0.330649 0.000741
821.219055 0.331298 0.330574 0.000724
822.330078 0.331205 0.330480 0.000725
823.441040 0.331112 0.330377 0.000735
824.552063 0.331021 0.330295 0.000725
825.663086 0.330931 0.330204 0.000727
826.774048 0.330840 0.330099 0.000741
827.885071 0.330750 0.330008 0.000743
828.996033 0.330661 0.329934 0.000727
830.107056 0.330570 0.329823 0.000747
831.218079 0.330480 0.329717 0.000763
832.329041 0.330395 0.329617 0.000778
833.440063 0.330305 0.329522 0.000782
834.551025 0.330215 0.329436 0.000778
835.662048 0.330129 0.329363 0.000766
836.773071 0.330042 0.329283 0.000760
837.884033 0.329956 0.329208 0.000748
838.995056 0.329869 0.329127 0.000742
840.106079 0.329783 0.329077 0.000706
841.217041 0.329697 0.328980 0.000717
842.328064 0.329612 0.328866 0.000747
843.439026 0.329528 0.328821 0.000707
844.550049 0.329442 0.328668 0.000774
845.661072 0.329358 0.328602 0.000756
846.772034 0.329274 0.328547 0.000727
847.883057 0.329190 0.328432 0.000758
848.994080 0.329109 0.328331 0.000777
850.105041 0.329026 0.328308 0.000717
851.216065 0.328943 0.328238 0.000706
852.327026 0.328860 0.328135 0.000725
853.438049 0.328778 0.328169 0.000609
854.549072 0.328698 0.328107 0.000591
855.660034 0.328616 0.328026 0.000591
856.771057 0.328537 0.327969 0.000568
857.882080 0.328456 0.327776 0.000680
858.993042 0.328377 0.327645 0.000732
860.104065 0.328298 0.327570 0.000728
861.215027 0.328217 0.327499 0.000718
862.326050 0.328138 0.327371 0.000766
863.437073 0.328059 0.327275 0.000784
864.548035 0.327980 0.327214 0.000766
865.659058 0.327903 0.327076 0.000828
866.770081 0.327824 0.327066 0.000758
867.881043 0.327747 0.326981 0.000766
868.992065 0.327672 0.326874 0.000798
870.103027 0.327596 0.326833 0.000763
925.653076 0.327517 0.326759 0.000758
926.764038 0.327440 0.326641 0.000800
927.875061 0.327366 0.326538 0.000828
928.986023 0.327291 0.326477 0.000814
930.097046 0.327216 0.326301 0.000915
931.208069 0.327140 0.326215 0.000925
932.319031 0.327065 0.326155 0.000911
933.430054 0.326992 0.326046 0.000946
934.541077 0.326919 0.326065 0.000853
935.652039 0.326844 0.326031 0.000814
936.763062 0.326770 0.325955 0.000815
937.874023 0.326696 0.325874 0.000823
938.985046 0.326625 0.325801 0.000823
940.096069 0.326552 0.325733 0.000819
941.207031 0.326479 0.325661 0.000818
942.318054 0.326408 0.325606 0.000802
943.429077 0.326335 0.325524 0.000811
944.540039 0.326264 0.325458 0.000806
945.651062 0.326192 0.325398 0.000795
946.762024 0.326122 0.325324 0.000798
947.873047 0.326052 0.325256 0.000796
948.984070 0.325982 0.325184 0.000798
950.095032 0.325912 0.325116 0.000795
951.206055 0.325843 0.325050 0.000793
952.317078 0.325774 0.324982 0.000792
953.428040 0.325703 0.324906 0.000798
954.539063 0.325634 0.324828 0.000806
955.650024 0.325566 0.324765 0.000801
956.761047 0.325498 0.324697 0.000801
957.872070 0.325430 0.324620 0.000810
958.983032 0.325362 0.324545 0.000816
960.094055 0.325294 0.324478 0.000816
961.205078 0.325228 0.324409 0.000818
962.316040 0.325161 0.324342 0.000818
963.427063 0.325094 0.324271 0.000823
964.538025 0.325029 0.324197 0.000832
965.649048 0.324961 0.324132 0.000828
966.760071 0.324894 0.324062 0.000832
967.871033 0.324830 0.323987 0.000843
968.982056 0.324764 0.323924 0.000840
970.093079 0.324701 0.323861 0.000839
971.204041 0.324633 0.323793 0.000840
972.315063 0.324570 0.323726 0.000844
973.426025 0.324505 0.323658 0.000847
974.537048 0.324440 0.323588 0.000852
975.648071 0.324376 0.323527 0.000849
976.759033 0.324313 0.323464 0.000849
977.870056 0.324251 0.323400 0.000850
978.981018 0.324187 0.323338 0.000849
980.092041 0.324124 0.323275 0.000849
981.203064 0.324060 0.323213 0.000847
982.314026 0.323998 0.323153 0.000844
983.425049 0.323936 0.323091 0.000845
984.536072 0.323874 0.323027 0.000847
985.647034 0.323813 0.322966 0.000847
986.758057 0.323751 0.322900 0.000851
