239.055023 0.554999 0.206362 0.348638
240.166031 0.556986 0.208186 0.348801
241.277023 0.559662 0.210371 0.349291
242.388031 0.563181 0.213430 0.349751
243.499023 0.566477 0.216060 0.350417
244.610031 0.569772 0.218819 0.350953
245.721024 0.573382 0.221639 0.351743
246.832031 0.576794 0.224505 0.352290
247.943024 0.580412 0.227362 0.353050
249.054031 0.584061 0.230167 0.353894
250.165024 0.588097 0.234374 0.353723
251.276031 0.592488 0.239036 0.353452
252.387024 0.596878 0.243774 0.353104
253.498032 0.601272 0.248557 0.352715
254.609024 0.605407 0.252828 0.352580
255.720032 0.609550 0.257147 0.352403
256.831024 0.613953 0.261698 0.352256
257.942017 0.618576 0.266874 0.351702
259.053040 0.622745 0.271427 0.351318
260.164032 0.626907 0.276344 0.350563
261.275024 0.630991 0.280799 0.350193
262.386017 0.635181 0.285697 0.349484
263.497040 0.639425 0.290429 0.348996
264.608032 0.642901 0.294306 0.348596
265.719025 0.646400 0.298522 0.347878
266.830017 0.650218 0.302970 0.347248
267.941040 0.653772 0.307550 0.346222
269.052032 0.656982 0.311503 0.345480
270.163025 0.659763 0.315425 0.344338
271.274017 0.662187 0.319160 0.343027
272.385040 0.664647 0.323225 0.341422
273.496033 0.666723 0.326904 0.339819
274.607025 0.668152 0.330046 0.338106
275.718018 0.669095 0.332778 0.336317
276.829041 0.669909 0.335979 0.333931
277.940033 0.670338 0.339092 0.331245
279.051025 0.670165 0.341645 0.328520
280.162018 0.668925 0.343270 0.325655
281.273041 0.667762 0.345531 0.322231
282.384033 0.666182 0.347108 0.319075
283.495026 0.664325 0.348775 0.315550
284.606018 0.662017 0.349887 0.312130
285.717041 0.659690 0.350934 0.308756
286.828033 0.657520 0.352632 0.304887
287.939026 0.655097 0.353815 0.301282
289.050018 0.652340 0.354315 0.298025
290.161041 0.648807 0.354135 0.294672
291.272034 0.644834 0.354428 0.290405
292.383026 0.640458 0.354255 0.286203
293.494019 0.635640 0.354055 0.281585
294.605042 0.629531 0.352205 0.277326
295.716034 0.622978 0.350185 0.272793
296.827026 0.616864 0.348801 0.268063
297.938019 0.610472 0.347371 0.263101
299.049042 0.604005 0.345837 0.258168
300.160034 0.597602 0.344137 0.253466
301.271027 0.591068 0.341888 0.249180
302.382019 0.585397 0.340917 0.244479
303.493012 0.579792 0.339285 0.240507
304.604034 0.574789 0.337890 0.236899
305.715027 0.569652 0.336334 0.233319
306.826019 0.565092 0.335236 0.229856
307.937012 0.560958 0.334811 0.226147
309.048035 0.557084 0.334180 0.222903
310.159027 0.553805 0.333955 0.219850
311.270019 0.550445 0.333711 0.216734
312.381012 0.547097 0.333741 0.213355
313.492035 0.544315 0.333878 0.210437
314.603027 0.541835 0.333841 0.207994
315.714020 0.539053 0.333468 0.205584
316.825012 0.536510 0.333803 0.202707
317.936035 0.534501 0.334332 0.200169
319.047028 0.532410 0.334812 0.197598
320.158020 0.530533 0.335243 0.195290
321.269012 0.528256 0.334869 0.193387
322.380035 0.526423 0.334894 0.191528
323.491028 0.524921 0.336036 0.188885
324.602020 0.523595 0.336414 0.187180
325.713013 0.522194 0.336898 0.185296
326.824036 0.520452 0.337303 0.183149
327.935028 0.519984 0.338374 0.181610
329.046020 0.519380 0.339164 0.180216
330.157013 0.517831 0.339010 0.178821
331.268036 0.516612 0.339436 0.177176
332.379028 0.515826 0.340322 0.175504
333.490021 0.515083 0.341323 0.173759
334.601013 0.514520 0.342111 0.172409
335.712036 0.512993 0.342056 0.170937
336.823029 0.512506 0.342999 0.169507
337.934021 0.511965 0.343885 0.168081
339.045013 0.511839 0.344918 0.166921
340.156036 0.511376 0.345762 0.165614
341.267029 0.510930 0.346573 0.164357
342.378021 0.510624 0.347329 0.163295
343.489014 0.510888 0.348917 0.161971
344.600037 0.510923 0.350189 0.160735
345.711029 0.510982 0.350996 0.159986
346.822022 0.510828 0.351811 0.159017
347.933014 0.510749 0.352919 0.157830
349.044037 0.510815 0.354112 0.156703
350.155029 0.510522 0.355076 0.155446
351.266022 0.510547 0.356389 0.154158
352.377014 0.511218 0.358360 0.152858
353.488037 0.511652 0.359588 0.152065
354.599029 0.511804 0.360511 0.151293
355.710022 0.512109 0.361707 0.150402
356.821014 0.512898 0.363303 0.149595
357.932037 0.514433 0.365360 0.149074
359.043030 0.514969 0.366966 0.148003
360.154022 0.515979 0.368828 0.147151
361.265015 0.517118 0.370677 0.146441
362.376038 0.518421 0.372744 0.145678
363.487030 0.519795 0.374687 0.145108
364.598023 0.521457 0.376954 0.144503
365.709015 0.523219 0.379206 0.144013
366.820038 0.524979 0.381520 0.143459
367.931030 0.527002 0.384013 0.142989
369.042023 0.529187 0.386638 0.142549
370.153015 0.531632 0.389355 0.142278
371.264038 0.534162 0.392171 0.141991
372.375030 0.536555 0.394952 0.141603
373.486023 0.538727 0.397567 0.141160
374.597015 0.540673 0.399925 0.140748
375.708008 0.542592 0.402327 0.140265
376.819031 0.544125 0.404501 0.139624
377.930023 0.545176 0.406214 0.138961
379.041016 0.545669 0.407493 0.138176
380.152008 0.545819 0.408567 0.137252
381.263031 0.545277 0.408989 0.136288
382.374023 0.544249 0.409072 0.135177
383.485016 0.542693 0.408856 0.133836
384.596008 0.540716 0.408215 0.132501
385.707031 0.538198 0.407213 0.130985
386.818024 0.535266 0.405857 0.129409
387.929016 0.531935 0.404246 0.127688
389.040008 0.528322 0.402345 0.125977
390.151031 0.524518 0.400270 0.124248
391.262024 0.520383 0.397914 0.122469
392.373016 0.516169 0.395511 0.120658
393.484009 0.511835 0.393000 0.118835
394.595032 0.507589 0.390543 0.117045
395.706024 0.503322 0.388027 0.115295
396.817017 0.499204 0.385559 0.113645
397.928009 0.495157 0.383167 0.111989
399.039032 0.491321 0.380908 0.110413
400.150024 0.487603 0.378773 0.108830
401.261017 0.484119 0.376784 0.107335
402.372009 0.480781 0.374845 0.105936
403.483032 0.477561 0.372999 0.104562
404.594025 0.474527 0.371353 0.103174
405.705017 0.471592 0.369741 0.101852
406.816010 0.468831 0.368267 0.100564
407.927032 0.466137 0.366776 0.099362
409.038025 0.463518 0.365360 0.098158
410.149017 0.461054 0.363995 0.097059
411.260010 0.458622 0.362708 0.095914
412.371033 0.456197 0.361395 0.094802
413.482025 0.453946 0.360197 0.093749
414.593018 0.451645 0.358993 0.092652
415.704010 0.449443 0.357819 0.091625
416.815033 0.447257 0.356665 0.090592
417.926025 0.445204 0.355620 0.089584
419.037018 0.443130 0.354581 0.088549
420.148010 0.441099 0.353504 0.087595
421.259033 0.439057 0.352440 0.086616
422.370026 0.437112 0.351390 0.085722
423.481018 0.435121 0.350297 0.084824
424.592011 0.433245 0.349318 0.083926
425.703033 0.431421 0.348408 0.083014
426.814026 0.429593 0.347423 0.082170
427.925018 0.427835 0.346528 0.081307
429.036011 0.426084 0.345596 0.080488
430.147034 0.424435 0.344778 0.079657
431.258026 0.422762 0.343914 0.078848
432.369019 0.421076 0.343042 0.078034
433.480011 0.419481 0.342195 0.077286
434.591034 0.417916 0.341398 0.076518
435.702026 0.416363 0.340587 0.075775
436.813019 0.414864 0.339788 0.075076
437.924011 0.413379 0.339027 0.074353
439.035034 0.411935 0.338293 0.073642
440.146027 0.410476 0.337520 0.072956
441.257019 0.409096 0.336841 0.072256
442.368012 0.407707 0.336149 0.071559
443.479004 0.406390 0.335482 0.070908
444.590027 0.405082 0.334840 0.070242
445.701019 0.403840 0.334234 0.069606
446.812012 0.402564 0.333603 0.068960
447.923004 0.401331 0.333008 0.068323
449.034027 0.400129 0.332415 0.067714
450.145019 0.398952 0.331815 0.067137
451.256012 0.397808 0.331252 0.066556
452.367004 0.396659 0.330689 0.065970
453.478027 0.395519 0.330129 0.065390
454.589020 0.394434 0.329597 0.064838
455.700012 0.393359 0.329079 0.064279
456.811005 0.392325 0.328588 0.063738
457.922028 0.391308 0.328139 0.063168
459.033020 0.390316 0.327688 0.062628
460.144012 0.389273 0.327174 0.062098
461.255005 0.388290 0.326723 0.061568
462.366028 0.387369 0.326316 0.061053
463.477020 0.386393 0.325845 0.060548
464.588013 0.385493 0.325442 0.060051
465.699005 0.384607 0.325056 0.059551
466.810028 0.383719 0.324666 0.059053
467.921020 0.382777 0.324211 0.058566
469.032013 0.381930 0.323846 0.058084
470.143005 0.381075 0.323462 0.057613
471.254028 0.380250 0.323112 0.057139
472.365021 0.379422 0.322746 0.056677
473.476013 0.378610 0.322371 0.056238
474.587006 0.377738 0.321954 0.055784
475.698029 0.376917 0.321589 0.055328
476.809021 0.376107 0.321215 0.054892
477.920013 0.375370 0.320887 0.054483
479.031006 0.374628 0.320559 0.054069
480.142029 0.373885 0.320227 0.053658
481.253021 0.373128 0.319890 0.053238
482.364014 0.372443 0.319607 0.052836
483.475006 0.371693 0.319251 0.052442
484.586029 0.370974 0.318911 0.052063
485.697022 0.370312 0.318630 0.051682
486.808014 0.369620 0.318332 0.051288
487.919006 0.368924 0.318021 0.050903
489.030029 0.368253 0.317720 0.050533
490.141022 0.367606 0.317448 0.050158
491.252014 0.366977 0.317183 0.049794
492.363007 0.366351 0.316917 0.049434
493.474029 0.365678 0.316621 0.049057
494.585022 0.365034 0.316351 0.048683
495.696014 0.364399 0.316081 0.048317
496.807007 0.363823 0.315845 0.047979
497.918030 0.363252 0.315622 0.047630
499.029022 0.362696 0.315402 0.047293
500.140015 0.362063 0.315126 0.046937
501.251007 0.361471 0.314881 0.046591
502.362030 0.360902 0.314644 0.046258
503.473023 0.360315 0.314386 0.045929
504.584015 0.359743 0.314136 0.045606
505.695007 0.359240 0.313955 0.045285
506.806030 0.358702 0.313745 0.044958
507.917023 0.358159 0.313535 0.044624
509.028015 0.357632 0.313313 0.044319
510.139008 0.357126 0.313111 0.044015
511.250030 0.356623 0.312902 0.043721
512.361023 0.356141 0.312733 0.043408
513.472046 0.355587 0.312463 0.043124
514.583008 0.355092 0.312253 0.042839
515.694031 0.354616 0.312046 0.042570
516.804993 0.354134 0.311841 0.042294
517.916016 0.353650 0.311668 0.041982
519.027039 0.353173 0.311469 0.041703
520.138000 0.352703 0.311255 0.041448
521.249023 0.352248 0.311097 0.041150
522.359985 0.351823 0.310939 0.040883
523.471008 0.351360 0.310751 0.040610
524.582031 0.350879 0.310537 0.040342
525.692993 0.350464 0.310371 0.040093
526.804016 0.350032 0.310204 0.039828
527.915039 0.349568 0.310009 0.039558
529.026001 0.349125 0.309832 0.039293
530.137024 0.348695 0.309660 0.039035
531.247986 0.348290 0.309509 0.038781
532.359009 0.347846 0.309318 0.038528
533.470032 0.347439 0.309167 0.038272
534.580994 0.346994 0.308965 0.038029
535.692017 0.346577 0.308820 0.037757
536.803040 0.346147 0.308628 0.037519
537.914002 0.345739 0.308490 0.037249
539.025024 0.345355 0.308355 0.037000
540.135986 0.344952 0.308159 0.036793
541.247009 0.344568 0.308015 0.036553
542.358032 0.344209 0.307909 0.036300
543.468994 0.343779 0.307695 0.036084
544.580017 0.343383 0.307549 0.035834
545.691040 0.343021 0.307418 0.035604
546.802002 0.342662 0.307288 0.035374
547.913025 0.342286 0.307160 0.035126
549.023987 0.341933 0.307028 0.034906
550.135010 0.341548 0.306864 0.034684
551.246033 0.341206 0.306742 0.034464
552.356995 0.340857 0.306579 0.034278
553.468018 0.340472 0.306412 0.034060
554.579041 0.340116 0.306275 0.033841
555.690002 0.339702 0.306069 0.033633
556.801025 0.339399 0.305954 0.033445
557.911987 0.339108 0.305862 0.033246
559.023010 0.338738 0.305716 0.033022
560.134033 0.338376 0.305531 0.032846
561.244995 0.338062 0.305418 0.032644
562.356018 0.337744 0.305313 0.032430
563.467041 0.337401 0.305191 0.032210
564.578003 0.337054 0.305035 0.032019
565.689026 0.336755 0.304937 0.031817
566.799988 0.336411 0.304767 0.031645
567.911011 0.336112 0.304657 0.031455
569.022034 0.335802 0.304541 0.031261
570.132996 0.335465 0.304385 0.031080
571.244019 0.335109 0.304225 0.030884
572.355041 0.334802 0.304103 0.030699
573.466003 0.334496 0.303971 0.030525
574.577026 0.334181 0.303851 0.030331
575.687988 0.333887 0.303751 0.030136
576.799011 0.333599 0.303624 0.029974
577.910034 0.333357 0.303565 0.029792
579.020996 0.333036 0.303436 0.029600
580.132019 0.332743 0.303306 0.029437
581.243042 0.332457 0.303188 0.029269
582.354004 0.332218 0.303131 0.029087
583.465027 0.331891 0.302986 0.028905
584.575989 0.331581 0.302848 0.028733
585.687012 0.331323 0.302746 0.028577
586.798035 0.331043 0.302638 0.028404
587.908997 0.330766 0.302525 0.028240
589.020019 0.330496 0.302425 0.028070
590.130981 0.330194 0.302277 0.027916
591.242004 0.329930 0.302166 0.027764
592.353027 0.329668 0.302057 0.027611
593.463989 0.329446 0.301997 0.027448
594.575012 0.329221 0.301925 0.027296
595.686035 0.328958 0.301829 0.027129
596.796997 0.328702 0.301737 0.026965
597.908020 0.328441 0.301610 0.026831
599.018982 0.328191 0.301516 0.026675
600.130005 0.327926 0.301397 0.026529
601.241028 0.327659 0.301275 0.026385
602.351990 0.327392 0.301164 0.026228
603.463013 0.327147 0.301062 0.026085
604.574036 0.326880 0.300944 0.025936
605.684998 0.326666 0.300858 0.025808
606.796021 0.326455 0.300774 0.025681
607.906982 0.326229 0.300683 0.025546
609.018005 0.325988 0.300566 0.025422
610.129028 0.325787 0.300499 0.025287
611.239990 0.325562 0.300407 0.025155
612.351013 0.325345 0.300328 0.025017
613.462036 0.325150 0.300261 0.024889
614.572998 0.324949 0.300194 0.024755
615.684021 0.324706 0.300084 0.024622
616.794983 0.324459 0.299969 0.024490
617.906006 0.324233 0.299872 0.024360
619.017029 0.324003 0.299769 0.024235
620.127991 0.323787 0.299691 0.024096
621.239014 0.323562 0.299595 0.023967
622.350037 0.323348 0.299507 0.023840
623.460998 0.323142 0.299425 0.023717
624.572022 0.322926 0.299331 0.023595
625.682983 0.322741 0.299267 0.023473
626.794006 0.322514 0.299165 0.023349
627.905029 0.322334 0.299122 0.023212
629.015991 0.322131 0.299050 0.023082
630.127014 0.321912 0.298948 0.022964
631.238037 0.321695 0.298861 0.022834
632.348999 0.321465 0.298743 0.022721
633.460022 0.321273 0.298683 0.022590
634.570984 0.321089 0.298614 0.022474
635.682007 0.320856 0.298505 0.022350
636.793030 0.320666 0.298431 0.022235
637.903992 0.320476 0.298352 0.022124
639.015015 0.320287 0.298277 0.022010
640.126038 0.320099 0.298192 0.021907
641.237000 0.319902 0.298113 0.021790
642.348022 0.319728 0.298054 0.021673
643.458984 0.319538 0.297977 0.021561
644.570007 0.319335 0.297881 0.021454
645.681030 0.319181 0.297844 0.021337
646.791992 0.318976 0.297748 0.021229
647.903015 0.318809 0.297685 0.021125
649.014038 0.318649 0.297622 0.021027
650.125000 0.318465 0.297535 0.020929
651.236023 0.318281 0.297459 0.020823
652.346985 0.318094 0.297376 0.020718
653.458008 0.317925 0.297303 0.020622
654.569031 0.317752 0.297242 0.020510
655.679993 0.317564 0.297154 0.020410
656.791016 0.317380 0.297079 0.020302
657.901978 0.317207 0.297004 0.020202
659.013000 0.317005 0.296909 0.020096
660.124023 0.316842 0.296835 0.020006
661.234985 0.316676 0.296764 0.019913
662.346008 0.316503 0.296695 0.019807
663.457031 0.316344 0.296632 0.019712
664.567993 0.316192 0.296563 0.019629
665.679016 0.316031 0.296493 0.019538
666.789978 0.315878 0.296434 0.019443
667.901001 0.315694 0.296337 0.019358
669.012024 0.315526 0.296263 0.019262
670.122986 0.315351 0.296183 0.019168
671.234009 0.315173 0.296105 0.019068
672.345032 0.314987 0.296008 0.018979
673.455994 0.314826 0.295931 0.018896
674.567017 0.314664 0.295861 0.018804
675.677978 0.314516 0.295812 0.018704
676.789002 0.314358 0.295739 0.018620
677.900024 0.314198 0.295660 0.018538
679.010986 0.314033 0.295586 0.018447
680.122009 0.313873 0.295511 0.018362
681.233032 0.313723 0.295435 0.018288
682.343994 0.313562 0.295383 0.018179
683.455017 0.313403 0.295301 0.018102
684.565979 0.313249 0.295239 0.018009
685.677002 0.313070 0.295143 0.017928
686.788025 0.312869 0.295021 0.017849
687.898987 0.312734 0.294966 0.017767
689.010010 0.312575 0.294900 0.017675
690.121033 0.312444 0.294853 0.017591
691.231995 0.312299 0.294789 0.017509
692.343018 0.312167 0.294736 0.017431
693.453979 0.312023 0.294676 0.017347
694.565002 0.311891 0.294606 0.017284
695.676025 0.311710 0.294509 0.017201
696.786987 0.311588 0.294466 0.017123
697.898010 0.311443 0.294402 0.017041
699.009033 0.311295 0.294320 0.016975
700.119995 0.311182 0.294278 0.016904
701.231018 0.311043 0.294221 0.016822
702.341980 0.310917 0.294173 0.016744
703.453003 0.310776 0.294108 0.016667
704.564026 0.310648 0.294050 0.016598
705.674988 0.310526 0.294022 0.016505
706.786011 0.310396 0.293939 0.016457
707.897034 0.310260 0.293879 0.016381
709.007996 0.310129 0.293826 0.016303
710.119019 0.309993 0.293761 0.016232
711.229981 0.309907 0.293732 0.016175
712.341003 0.309719 0.293637 0.016082
713.452026 0.309569 0.293550 0.016019
714.562988 0.309425 0.293492 0.015932
715.674011 0.309313 0.293466 0.015847
716.785034 0.309171 0.293396 0.015775
717.895996 0.309051 0.293344 0.015707
719.007019 0.308937 0.293305 0.015632
720.117981 0.308800 0.293228 0.015572
721.229004 0.308684 0.293195 0.015490
722.340027 0.308522 0.293106 0.015416
723.450989 0.308386 0.293033 0.015353
724.562012 0.308276 0.292987 0.015289
725.673035 0.308158 0.292946 0.015212
726.783997 0.307983 0.292838 0.015145
727.895019 0.307877 0.292785 0.015092
729.005981 0.307723 0.292705 0.015018
730.117004 0.307592 0.292629 0.014963
731.228027 0.307505 0.292626 0.014879
732.338989 0.307385 0.292568 0.014817
733.450012 0.307250 0.292501 0.014749
734.560974 0.307168 0.292488 0.014680
735.671997 0.307048 0.292422 0.014626
736.783020 0.306896 0.292309 0.014587
737.893982 0.306760 0.292238 0.014522
739.005005 0.306680 0.292238 0.014441
740.116028 0.306578 0.292232 0.014345
741.226990 0.306406 0.292148 0.014258
742.338013 0.306319 0.292136 0.014183
743.448975 0.306208 0.292084 0.014124
744.559998 0.306101 0.292053 0.014049
745.671021 0.306020 0.292022 0.013998
746.781982 0.305892 0.291972 0.013920
747.893005 0.305794 0.291919 0.013875
749.004028 0.305716 0.291898 0.013818
750.114990 0.305601 0.291827 0.013774
751.226013 0.305503 0.291781 0.013722
752.336975 0.305470 0.291817 0.013653
753.447998 0.305366 0.291749 0.013618
754.559021 0.305206 0.291653 0.013554
755.669983 0.305034 0.291559 0.013475
756.781006 0.304971 0.291508 0.013464
757.892029 0.304926 0.291526 0.013400
759.002991 0.304840 0.291491 0.013350
760.114014 0.304714 0.291382 0.013332
761.224976 0.304616 0.291343 0.013273
762.335998 0.304512 0.291265 0.013247
763.447022 0.304466 0.291283 0.013183
764.557983 0.304372 0.291232 0.013140
765.669006 0.304309 0.291183 0.013125
766.780029 0.304218 0.291114 0.013104
767.890991 0.304149 0.291131 0.013018
769.002014 0.304105 0.291087 0.013019
770.112976 0.304028 0.291045 0.012983
771.223999 0.303930 0.291013 0.012917
772.335022 0.303747 0.290910 0.012836
773.445984 0.303665 0.290874 0.012791
774.557007 0.303511 0.290826 0.012684
775.668030 0.303448 0.290791 0.012657
776.778992 0.303350 0.290708 0.012642
777.890015 0.303332 0.290773 0.012559
779.000977 0.303196 0.290732 0.012463
780.112000 0.302997 0.290550 0.012447
781.223022 0.302933 0.290578 0.012354
782.333984 0.302804 0.290466 0.012339
783.445007 0.302694 0.290403 0.012291
784.556030 0.302593 0.290369 0.012225
785.666992 0.302469 0.290235 0.012234
786.778015 0.302385 0.290195 0.012190
787.888977 0.302258 0.290165 0.012092
789.000000 0.302164 0.290104 0.012060
790.111023 0.301995 0.289943 0.012052
791.221985 0.301893 0.289930 0.011963
792.333008 0.301765 0.289879 0.011886
793.444031 0.301655 0.289793 0.011862
794.554993 0.301579 0.289757 0.011822
795.666016 0.301466 0.289694 0.011772
796.776978 0.301330 0.289540 0.011790
797.888000 0.301157 0.289444 0.011713
798.999084 0.301096 0.289460 0.011636
800.110046 0.300958 0.289284 0.011674
801.221069 0.300879 0.289224 0.011656
802.332031 0.300853 0.289270 0.011583
803.443054 0.300739 0.289150 0.011589
804.554077 0.300648 0.289177 0.011471
805.665039 0.300535 0.289071 0.011464
806.776062 0.300490 0.289046 0.011444
807.887085 0.300375 0.288997 0.011378
808.998047 0.300225 0.288895 0.011331
810.109070 0.300088 0.288800 0.011289
811.220032 0.300007 0.288786 0.011221
812.331055 0.299929 0.288756 0.011174
813.442078 0.299771 0.288645 0.011126
814.553040 0.299708 0.288608 0.011101
815.664063 0.299623 0.288539 0.011084
816.775085 0.299543 0.288484 0.011059
817.886047 0.299461 0.288451 0.011010
818.997070 0.299443 0.288483 0.010961
820.108032 0.299396 0.288488 0.010907
821.219055 0.299327 0.288454 0.010873
822.330078 0.299206 0.288388 0.010818
823.441040 0.299140 0.288383 0.010757
824.552063 0.299118 0.288404 0.010714
825.663086 0.299013 0.288342 0.010671
826.774048 0.298972 0.288325 0.010647
827.885071 0.298875 0.288278 0.010597
828.996033 0.298760 0.288196 0.010564
830.107056 0.298733 0.288198 0.010535
831.218079 0.298675 0.288218 0.010457
832.329041 0.298626 0.288170 0.010456
833.440063 0.298529 0.288095 0.010434
834.551025 0.298486 0.288125 0.010361
835.662048 0.298420 0.288110 0.010310
836.773071 0.298322 0.288089 0.010233
837.884033 0.298226 0.288063 0.010163
838.995056 0.298228 0.288114 0.010114
840.106079 0.298053 0.288041 0.010011
841.217041 0.297946 0.287957 0.009990
842.328064 0.297933 0.288004 0.009929
843.439026 0.297880 0.288065 0.009814
844.550049 0.297809 0.288012 0.009798
845.661072 0.297704 0.287959 0.009745
846.772034 0.297509 0.287806 0.009704
847.883057 0.297440 0.287701 0.009740
848.994080 0.297466 0.287730 0.009736
850.105041 0.297506 0.287906 0.009600
851.216065 0.297400 0.287848 0.009552
852.327026 0.297284 0.287800 0.009485
853.438049 0.297233 0.287789 0.009444
854.549072 0.297148 0.287796 0.009352
855.660034 0.296918 0.287589 0.009329
856.771057 0.296779 0.287610 0.009169
857.882080 0.296711 0.287503 0.009208
858.993042 0.296611 0.287331 0.009281
860.104065 0.296561 0.287367 0.009195
861.215027 0.296446 0.287348 0.009098
862.326050 0.296473 0.287410 0.009062
863.437073 0.296415 0.287445 0.008970
864.548035 0.296264 0.287350 0.008914
865.659058 0.296159 0.287266 0.008892
866.770081 0.296125 0.287362 0.008763
867.881043 0.296058 0.287346 0.008711
868.992065 0.296049 0.287434 0.008616
870.103027 0.296004 0.287574 0.008430
925.653076 0.295849 0.287531 0.008319
926.764038 0.295687 0.287378 0.008309
927.875061 0.295663 0.287445 0.008218
928.986023 0.295621 0.287461 0.008159
930.097046 0.295526 0.287401 0.008125
931.208069 0.295481 0.287417 0.008064
932.319031 0.295596 0.287665 0.007931
933.430054 0.295578 0.287575 0.008002
934.541077 0.295531 0.287668 0.007863
935.652039 0.295510 0.287830 0.007680
936.763062 0.295463 0.287814 0.007649
937.874023 0.295417 0.287793 0.007623
938.985046 0.295375 0.287786 0.007590
940.096069 0.295325 0.287778 0.007547
941.207031 0.295281 0.287762 0.007519
942.318054 0.295243 0.287760 0.007483
943.429077 0.295200 0.287743 0.007457
944.540039 0.295159 0.287734 0.007426
945.651062 0.295117 0.287727 0.007390
946.762024 0.295065 0.287707 0.007358
947.873047 0.295022 0.287702 0.007320
948.984070 0.294974 0.287673 0.007301
950.095032 0.294925 0.287646 0.007279
951.206055 0.294876 0.287625 0.007251
952.317078 0.294840 0.287629 0.007212
953.428040 0.294786 0.287603 0.007183
954.539063 0.294738 0.287580 0.007158
955.650024 0.294698 0.287573 0.007125
956.761047 0.294647 0.287552 0.007095
957.872070 0.294603 0.287528 0.007075
958.983032 0.294559 0.287508 0.007051
960.094055 0.294510 0.287489 0.007021
961.205078 0.294457 0.287456 0.007001
962.316040 0.294408 0.287423 0.006984
963.427063 0.294353 0.287388 0.006965
964.538025 0.294293 0.287352 0.006941
965.649048 0.294231 0.287315 0.006917
966.760071 0.294172 0.287281 0.006890
967.871033 0.294109 0.287233 0.006875
968.982056 0.294045 0.287195 0.006850
970.093079 0.293982 0.287147 0.006835
971.204041 0.293910 0.287097 0.006813
972.315063 0.293852 0.287060 0.006792
973.426025 0.293781 0.287005 0.006776
974.537048 0.293710 0.286943 0.006767
975.648071 0.293651 0.286902 0.006749
976.759033 0.293589 0.286849 0.006740
977.870056 0.293525 0.286790 0.006735
978.981018 0.293462 0.286736 0.006726
980.092041 0.293397 0.286678 0.006719
981.203064 0.293324 0.286612 0.006713
982.314026 0.293252 0.286544 0.006709
983.425049 0.293192 0.286492 0.006700
984.536072 0.293119 0.286435 0.006684
985.647034 0.293055 0.286381 0.006675
986.758057 0.292996 0.286327 0.006669
